Sample_ID	Well	Plate_ID	Group	Control	Flag	OD_Baseline	OD_Min	OD_Max	OD_Emp_AUC	Fold_Change	OD_Offset	MSE	dx_auc_lin	dx_auc_log	dx_k_lin	dx_k_log	dx_t_k	dx_gr	dx_dr	dx_td	dx_t_gr	dx_t_dr	dx_death_lin	dx_death_log	dx_lagC	dx_lagP	dx_t0	dx_tf	K_Error > 20%
96	A1	plate_2	1	0	0	0.073	0.073	0.505	13.278333333333334		0.073	2.5966698191134393e-06	4.148943130856833	2.9402056623202557	1.6858490938463575	0.9879969140381484	21.25	0.2405483633150613	0.11754096909647077	2.88152939811146	19.25	21.25	0.0	0.0	16.678766419746342	0.4166666666666667	0.4166666666666667	21.333333333333332	FALSE
96	A1	plate_2	1	0	0	0.073	0.073	0.505	13.278333333333334		0.073	2.5966698191134393e-06	31.814280504773038	20.273215799883264	1.550846717521937	0.9364253501422671	46.916666666666664	0.2982496111540263	-0.005260052424488726	2.3240505758848427	23.666666666666668	47.083333333333336	0.0011767141990950414	0.00046140980781927965	22.0727489306456	21.333333333333332	21.333333333333332	47.166666666666664	FALSE
97	A2	plate_2	1	0	0	0.073	0.073	0.508	13.265166666666666		0.073	3.4014139780411512e-06	4.631452584873407	3.1366592227629435	1.93360047583579	1.076230499976967	21.666666666666668	0.27735474443980773	0.11053753025339763	2.4991358340018373	19.583333333333332	21.666666666666668	0.0	0.0	17.20242786255194	0.4166666666666667	0.4166666666666667	21.75	FALSE
97	A2	plate_2	1	0	0	0.073	0.073	0.508	13.265166666666666		0.073	3.4014139780411512e-06	26.998457425415047	18.027212833034426	1.3467286510227607	0.8530222949411117	46.916666666666664	0.2810683170130514	-0.003719704978053397	2.4661163802669335	23.833333333333332	47.083333333333336	0.0006844686824183377	0.00029171183501830455	22.40497222358768	21.75	21.75	47.166666666666664	FALSE
98	A3	plate_2	1	0	0	0.07400000000000001	0.07400000000000001	0.519	13.5805		0.07400000000000001	2.7101537646811004e-06	4.91910146255654	3.288349180495049	2.01680093533746	1.1041969770048752	21.333333333333332	0.2824437651468642	0.09573278548060102	2.4541068562781865	19.25	21.333333333333332	0.0	0.0	16.81201245838186	0.4166666666666667	0.4166666666666667	21.416666666666668	FALSE
98	A3	plate_2	1	0	0	0.07400000000000001	0.07400000000000001	0.519	13.5805		0.07400000000000001	2.7101537646811004e-06	25.892726505197405	17.558621073487622	1.3063194213164162	0.8356529297374746	46.916666666666664	0.28417755331570577	-0.0030616982699686324	2.4391341697206346	23.5	47.083333333333336	0.0004908506010901093	0.00021285119375669126	22.13165020071371	21.416666666666668	21.416666666666668	47.166666666666664	FALSE
99	A4	plate_2	1	0	0	0.07200000000000001	0.07200000000000001	0.535	13.185666666666666		0.07200000000000001	5.1480925253086814e-06	4.809651147926568	3.3822817757686257	1.9052525241082572	1.0665203139297819	22.083333333333332	0.2419962042239043	0.1549062206485457	2.86428947422092	20.083333333333332	22.083333333333332	0.0	0.0	17.34769055127022	0.4166666666666667	0.4166666666666667	22.166666666666668	FALSE
99	A4	plate_2	1	0	0	0.07200000000000001	0.07200000000000001	0.535	13.185666666666666		0.07200000000000001	5.1480925253086814e-06	28.082612478039927	18.417269986140408	1.5274861850053507	0.9272252060242976	47.0	0.26513573049160527	-0.0014056034507044014	2.6143107127611067	24.333333333333332	47.083333333333336	6.52931626237141e-05	2.5833575824307786e-05	22.63885500373205	22.166666666666668	22.166666666666668	47.166666666666664	FALSE
100	A5	plate_2	1	0	0	0.071	0.071	0.496	16.651666666666667		0.071	9.96839315972802e-07	2.378413845298589	1.8347043401635867	1.2595930639539152	0.8151847368740284	11.833333333333334	0.23142878525356128	0.21110542078983466	2.995077642569439	10.583333333333334	11.833333333333334	0.0	0.0	8.259308895437893	0.4166666666666667	0.4166666666666667	11.916666666666666	FALSE
100	A5	plate_2	1	0	0	0.071	0.071	0.496	16.651666666666667		0.071	9.96839315972802e-07	4.4244775253714	3.0633985456381585	1.4066902423301921	0.8782524601707192	17.5	0.23070002383381702	0.04167600539510583	3.0045388337681684	13.416666666666666	17.5	0.0	0.0	11.988382544178437	11.916666666666666	11.916666666666666	17.583333333333332	FALSE
100	A5	plate_2	1	0	0	0.071	0.071	0.496	16.651666666666667		0.071	9.96839315972802e-07	5.928376308818468	5.373976545969292	0.25467626963148704	0.22687758682341164	46.75	0.05661101955557603	-0.0021570354622331748	12.244032804946581	19.083333333333332	47.083333333333336	0.000331865336692605	0.000264537747398208	17.786277755038654	17.583333333333332	17.583333333333332	47.166666666666664	FALSE
101	A6	plate_2	1	0	0	0.071	0.071	0.484	16.699083333333334		0.071	8.007993695499934e-07	2.472481294648179	1.8507602944421735	1.3635998360777206	0.8601858111365795	11.833333333333334	0.24523317916982035	0.21103896777179573	2.8264820564102835	10.416666666666666	11.833333333333334	0.0	0.0	8.229495992223995	0.4166666666666667	0.4166666666666667	11.916666666666666	FALSE
101	A6	plate_2	1	0	0	0.071	0.071	0.484	16.699083333333334		0.071	8.007993695499934e-07	4.291432160507911	3.0026994545391075	1.335519742011098	0.8482344539369723	17.5	0.22959366037748083	0.03626969186860607	3.01901707312094	13.333333333333334	17.5	0.0	0.0	11.98113457295097	11.916666666666666	11.916666666666666	17.583333333333332	FALSE
101	A6	plate_2	1	0	0	0.071	0.071	0.484	16.699083333333334		0.071	8.007993695499934e-07	5.2925937409716655	4.848190043007284	0.2018865555278766	0.18389245189846393	29.916666666666668	0.04869008082101625	-0.007973986883939905	14.235901211746603	19.166666666666668	31.0	0.008340869497917458	0.006964006797926636	17.799174906493132	17.583333333333332	17.583333333333332	47.166666666666664	FALSE
102	A7	plate_2	1	0	0	0.071	0.071	0.489	16.778333333333332		0.071	9.954964958055823e-07	2.4970839667921125	1.8593214242790903	1.3826043292142303	0.868194145394077	11.916666666666666	0.25110928629741647	0.20676276628239118	2.7603406898260805	10.416666666666666	11.916666666666666	0.0	0.0	8.332798637302979	0.4166666666666667	0.4166666666666667	12.0	FALSE
102	A7	plate_2	1	0	0	0.071	0.071	0.489	16.778333333333332		0.071	9.954964958055823e-07	4.4670601192490365	3.1195461110957536	1.3421413088527356	0.8510656001839982	17.75	0.23020587683393207	0.035858772738541565	3.010988208002934	13.416666666666666	17.75	0.0	0.0	12.079857539194723	12.0	12.0	17.833333333333332	FALSE
102	A7	plate_2	1	0	0	0.071	0.071	0.489	16.778333333333332		0.071	9.954964958055823e-07	5.203141352471889	4.769987448174094	0.20513696935251557	0.18659322799541722	26.916666666666668	0.053918005772179325	-0.015894204753164384	12.855578959813759	19.416666666666668	28.666666666666668	0.008164971856564396	0.006798195598025414	18.09728794747379	17.833333333333332	17.833333333333332	47.166666666666664	FALSE
103	A8	plate_2	1	0	0	0.07200000000000001	0.07200000000000001	0.49	16.871166666666664		0.07200000000000001	8.481539194318345e-07	2.8173154217612475	2.0939027837565587	1.4617376735526841	0.9008674719443216	12.0	0.24523669854485639	0.21140312109965523	2.8264414937602065	10.416666666666666	12.0	0.0	0.0	8.220417895842097	0.4166666666666667	0.4166666666666667	12.083333333333334	FALSE
103	A8	plate_2	1	0	0	0.07200000000000001	0.07200000000000001	0.49	16.871166666666664		0.07200000000000001	8.481539194318345e-07	3.7815888662782866	2.707729568111695	1.2175358735240578	0.7963966125336784	17.416666666666668	0.22772471754869053	0.03922682503766645	3.0437942267366798	13.416666666666666	17.416666666666668	0.0	0.0	12.13119575675423	12.083333333333334	12.083333333333334	17.5	FALSE
103	A8	plate_2	1	0	0	0.07200000000000001	0.07200000000000001	0.49	16.871166666666664		0.07200000000000001	8.481539194318345e-07	5.569865937566729	5.082508967005264	0.2166434931841934	0.19609583204697656	32.833333333333336	0.052096808451302816	-0.005063012458764091	13.304983571265417	19.083333333333332	34.0	0.01989006360468859	0.01648341701628997	17.70072577545178	17.5	17.5	47.166666666666664	FALSE
104	A9	plate_2	1	0	0	0.071	0.071	0.496	16.82991666666667		0.071	9.813344353508865e-07	2.5961594571044966	1.9398305114569325	1.3885523798300503	0.8706874836179082	12.333333333333334	0.2441032528721591	0.20515951831124676	2.8395655215744213	10.833333333333334	12.333333333333334	0.0	0.0	8.649669518577323	0.4166666666666667	0.4166666666666667	12.416666666666666	FALSE
104	A9	plate_2	1	0	0	0.071	0.071	0.496	16.82991666666667		0.071	9.813344353508865e-07	4.499410151507906	3.1305511018865686	1.3814070887311538	0.8676915267379708	18.166666666666668	0.22642073785757344	0.04247000844709157	3.0613237423329975	13.916666666666666	18.166666666666668	0.0	0.0	12.49139628855626	12.416666666666666	12.416666666666666	18.25	FALSE
104	A9	plate_2	1	0	0	0.071	0.071	0.496	16.82991666666667		0.071	9.813344353508865e-07	4.866119736076513	4.481121164609362	0.19395674638795635	0.17727278850850836	42.25	0.05559159156424467	-0.003951336683021384	12.46856154062268	19.75	47.083333333333336	0.0037224129161435027	0.0031225818871725153	18.43514265323416	18.25	18.25	47.166666666666664	FALSE
105	A10	plate_2	1	0	0	0.071	0.071	0.49	13.636083333333332		0.071	5.6784472790382e-07	0.7376990254812985	0.6742400349152132	0.3606295225246099	0.30794747685938495	13.0	0.10181962925505979	0.10179292292249098	6.807598747227812	12.916666666666666	13.0	0.0	0.0	9.97555048523056	0.4166666666666667	0.4166666666666667	13.083333333333334	FALSE
105	A10	plate_2	1	0	0	0.071	0.071	0.49	13.636083333333332		0.071	5.6784472790382e-07	0.4136647554855545	0.37475902907344416	0.3238672068429407	0.280557155538322	15.666666666666666	0.11905000260379063	0.0933962054300431	5.822319742963828	14.5	15.666666666666666	0.0	0.0	13.202358002459032	13.083333333333334	13.083333333333334	15.75	FALSE
105	A10	plate_2	1	0	0	0.071	0.071	0.49	13.636083333333332		0.071	5.6784472790382e-07	0.24265176270949096	0.22435065551063704	0.26103754000434143	0.23193482656689757	17.75	0.13307066017060268	0.1327915154947173	5.20886557315714	17.5	17.75	0.0	0.0	16.006890763028693	15.75	15.75	17.833333333333332	FALSE
105	A10	plate_2	1	0	0	0.071	0.071	0.49	13.636083333333332		0.071	5.6784472790382e-07	0.45349755697083594	0.4053460225595486	0.36784632209103507	0.31323747523725987	20.25	0.14039224210685858	0.10318700708876397	4.937218539699374	18.916666666666668	20.25	0.0	0.0	17.867202908418033	17.833333333333332	17.833333333333332	20.333333333333332	FALSE
105	A10	plate_2	1	0	0	0.071	0.071	0.49	13.636083333333332		0.071	5.6784472790382e-07	0.3335511851027366	0.3039187620168388	0.30572855444826996	0.26676116426546614	22.583333333333332	0.1313084833146186	0.11115856478390027	5.278769223913327	21.666666666666668	22.583333333333332	0.0	0.0	20.486188980176625	20.333333333333332	20.333333333333332	22.666666666666668	FALSE
105	A10	plate_2	1	0	0	0.071	0.071	0.49	13.636083333333332		0.071	5.6784472790382e-07	0.5747914634707305	0.512209109374566	0.34348119151862133	0.29526414936143586	25.583333333333332	0.14000395512881786	0.03146810478372906	4.950911421910756	23.833333333333332	25.583333333333332	0.0	0.0	22.793215463756326	22.666666666666668	22.666666666666668	25.666666666666668	FALSE
105	A10	plate_2	1	0	0	0.071	0.071	0.49	13.636083333333332		0.071	5.6784472790382e-07	0.2148084721898718	0.20800640450732633	0.08629646221187759	0.08277416972012608	29.583333333333332	0.03691883257023805	0.005923854709687527	18.77489433722568	26.416666666666668	29.583333333333332	0.0	0.0	25.729585190915326	25.666666666666668	25.666666666666668	29.666666666666668	FALSE
105	A10	plate_2	1	0	0	0.071	0.071	0.49	13.636083333333332		0.071	5.6784472790382e-07	0.9935633180501072	0.9586720359716554	0.10642457591350252	0.1011337136248831	46.666666666666664	0.010959331234125444	-0.00840959123316158	63.247215158677385	30.75	47.083333333333336	0.0014418956844191033	0.00130405277883483	29.936126330881283	29.666666666666668	29.666666666666668	47.166666666666664	FALSE
106	A11	plate_2	1	0	0	0.071	0.071	0.493	13.56925		0.071	6.998549870093428e-07	2.3828240040788904	1.9460550062461779	0.8596277430695942	0.6203763295601741	15.666666666666666	0.1215258625912638	0.1035784720149159	5.70370097179441	14.333333333333334	15.666666666666666	0.0	0.0	10.471507995639822	0.4166666666666667	0.4166666666666667	15.75	FALSE
106	A11	plate_2	1	0	0	0.071	0.071	0.493	13.56925		0.071	6.998549870093428e-07	1.2488859186988914	1.0469120009863682	0.6354559287824306	0.49192162100066383	19.916666666666668	0.1310518429637714	0.09268580787090479	5.289106699182874	18.333333333333332	19.916666666666668	0.0	0.0	15.9696619888366	15.75	15.75	20.0	FALSE
106	A11	plate_2	1	0	0	0.071	0.071	0.493	13.56925		0.071	6.998549870093428e-07	0.32157736040955603	0.29474953948701965	0.28467004464148893	0.25050191077687844	22.333333333333332	0.11939139447030955	0.10074238384834557	5.805671201305202	21.333333333333332	22.333333333333332	0.0	0.0	20.168318292349753	20.0	20.0	22.416666666666668	FALSE
106	A11	plate_2	1	0	0	0.071	0.071	0.493	13.56925		0.071	6.998549870093428e-07	1.6533104851877343	1.4018836005022046	0.49061733833601107	0.39919035518098966	27.75	0.14273072327336012	0.015046971342259742	4.85632780850146	23.75	27.75	0.0	0.0	22.632633194338432	22.416666666666668	22.416666666666668	27.833333333333332	FALSE
106	A11	plate_2	1	0	0	0.071	0.071	0.493	13.56925		0.071	6.998549870093428e-07	1.7029062342217693	1.6151646531773283	0.15761577204791144	0.14636252102455227	46.583333333333336	0.020307554189630168	-0.007320843803274149	34.13247967172203	28.75	47.083333333333336	0.001657939621272364	0.0014332285792590937	27.968146908546405	27.833333333333332	27.833333333333332	47.166666666666664	FALSE
107	A12	plate_2	1	0	0	0.07	0.07	0.48100000000000004	13.21733333333333		0.07	1.1516757352046873e-06	2.1978139506908	1.8389188259331493	0.7563321147114674	0.563227608714502	15.416666666666666	0.10964264359370818	0.09353072755170469	6.321875849039829	13.5	15.416666666666666	0.0	0.0	10.143334710727126	0.4166666666666667	0.4166666666666667	15.5	FALSE
107	A12	plate_2	1	0	0	0.07	0.07	0.48100000000000004	13.21733333333333		0.07	1.1516757352046873e-06	1.7651395674560133	1.4349092838104882	0.7885514964757949	0.5814060724116166	20.5	0.13352435911443822	0.10591616841986828	5.1911665044269375	18.333333333333332	20.5	0.0	0.0	15.933836535449661	15.5	15.5	20.583333333333332	FALSE
107	A12	plate_2	1	0	0	0.07	0.07	0.48100000000000004	13.21733333333333		0.07	1.1516757352046873e-06	23.172893619386304	16.283742504278454	1.14734539220736	0.7642323779690099	46.833333333333336	0.13539215687105183	-0.002372841110228356	5.119551948789043	22.916666666666668	47.083333333333336	0.000548665951912497	0.0002555415912013359	20.854444150792887	20.583333333333332	20.583333333333332	47.166666666666664	FALSE
108	B1	plate_2	1	0	0	0.07	0.07	0.491	13.439583333333333		0.07	7.499880925816856e-07	2.308520029237472	1.9110441478488522	0.7981818062394377	0.5867760467548312	15.916666666666666	0.11015400084156143	0.09727595914767967	6.292528417165024	14.25	15.916666666666666	0.0	0.0	10.504082038658696	0.4166666666666667	0.4166666666666667	16.0	FALSE
108	B1	plate_2	1	0	0	0.07	0.07	0.491	13.439583333333333		0.07	7.499880925816856e-07	2.212067902923574	1.7450092689905774	0.9359658141401299	0.6606063307130111	21.333333333333332	0.14220106461547832	0.11770220051833633	4.874416253030622	18.583333333333332	21.333333333333332	0.0	0.0	16.416578889542826	16.0	16.0	21.416666666666668	FALSE
108	B1	plate_2	1	0	0	0.07	0.07	0.491	13.439583333333333		0.07	7.499880925816856e-07	19.32497503957558	14.145341178795192	0.9714742655932664	0.6787816210387183	47.083333333333336	0.1271101700691888	0.0025483801353732745	5.453121337046834	23.5	47.083333333333336	0.0	0.0	21.507305146177846	21.416666666666668	21.416666666666668	47.166666666666664	FALSE
109	B2	plate_2	1	0	0	0.07200000000000001	0.07200000000000001	0.49200000000000005	13.572166666666666		0.07200000000000001	7.480959115242867e-07	2.1681552483489	1.8052227998730384	0.744982811526355	0.5567447054777144	15.75	0.1079582551622335	0.07762393352167206	6.420511145889893	14.333333333333334	15.75	0.0	0.0	10.413968093564689	0.4166666666666667	0.4166666666666667	15.833333333333334	FALSE
109	B2	plate_2	1	0	0	0.07200000000000001	0.07200000000000001	0.49200000000000005	13.572166666666666		0.07200000000000001	7.480959115242867e-07	0.3518345526255103	0.32077143701778577	0.3164797486734727	0.2749613171344101	18.333333333333332	0.13041307797851942	0.13003467965202756	5.315012813930477	18.0	18.333333333333332	0.0	0.0	16.224486427982022	15.833333333333334	15.833333333333334	18.416666666666668	FALSE
109	B2	plate_2	1	0	0	0.07200000000000001	0.07200000000000001	0.49200000000000005	13.572166666666666		0.07200000000000001	7.480959115242867e-07	0.20584391188109982	0.1907857528959207	0.24348373746716212	0.21791690614376724	20.083333333333332	0.13182042113792425	0.1288474582931452	5.258268594322746	19.333333333333332	20.083333333333332	0.0	0.0	18.423072121879343	18.416666666666668	18.416666666666668	20.166666666666668	FALSE
109	B2	plate_2	1	0	0	0.07200000000000001	0.07200000000000001	0.49200000000000005	13.572166666666666		0.07200000000000001	7.480959115242867e-07	0.4832153370783238	0.4300271469004543	0.39137413202277305	0.3302918430041051	22.666666666666668	0.1400913116150262	0.11775201382370519	4.9478241910157	21.5	22.666666666666668	0.0	0.0	20.227604869362462	20.166666666666668	20.166666666666668	22.75	FALSE
109	B2	plate_2	1	0	0	0.07200000000000001	0.07200000000000001	0.49200000000000005	13.572166666666666		0.07200000000000001	7.480959115242867e-07	0.6816837618519949	0.6022734430312074	0.37046734309488594	0.31515180801630205	25.916666666666668	0.1376389309364901	0.030493439620730624	5.0359820135465885	23.916666666666668	25.916666666666668	0.0	0.0	22.84646132934889	22.75	22.75	26.0	FALSE
109	B2	plate_2	1	0	0	0.07200000000000001	0.07200000000000001	0.49200000000000005	13.572166666666666		0.07200000000000001	7.480959115242867e-07	2.7082054757589336	2.5248161014320685	0.2004539384737687	0.18269976732480808	46.583333333333336	0.03267293006935119	-0.0006133210843758444	21.214723598057443	26.583333333333332	47.083333333333336	9.6824763632819e-05	8.066004494367007e-05	26.02401457320729	26.0	26.0	47.166666666666664	FALSE
115	B8	plate_2	1	0	0	0.07	0.07	0.502	13.118583333333333		0.07	3.796784378636795e-06	4.099109797928049	2.847112481147102	1.7192367623270433	1.0003512388461286	21.0	0.2590641224812294	0.09299945235279276	2.6755815275431183	18.916666666666668	21.0	0.0	0.0	16.566106398341752	0.4166666666666667	0.4166666666666667	21.083333333333332	FALSE
115	B8	plate_2	1	0	0	0.07	0.07	0.502	13.118583333333333		0.07	3.796784378636795e-06	32.84493175817989	20.756733522481884	1.5964517519811023	0.9541458021850888	46.916666666666664	0.31674797800046184	-0.003852084234844133	2.1883239316493275	23.333333333333332	47.083333333333336	0.000800769109563948	0.0003084565759987612	21.9059648742209	21.083333333333332	21.083333333333332	47.166666666666664	FALSE
116	B9	plate_2	1	0	0	0.071	0.071	0.508	13.132416666666666		0.071	3.249481169521181e-06	4.234587873531941	2.930244501500854	1.743988678376613	1.0094125838990822	21.25	0.26649462552052683	0.09356513631457743	2.600979960500387	19.083333333333332	21.25	0.0	0.0	16.813843460725405	0.4166666666666667	0.4166666666666667	21.333333333333332	FALSE
116	B9	plate_2	1	0	0	0.071	0.071	0.508	13.132416666666666		0.071	3.249481169521181e-06	31.698207377872485	20.198871748913444	1.5754610888426024	0.9460285817139167	46.916666666666664	0.3100607522287662	-0.0026091651970173145	2.235520540982671	23.583333333333332	47.083333333333336	0.0005075218099648282	0.0001970799811346069	22.124229216989427	21.333333333333332	21.333333333333332	47.166666666666664	FALSE
117	B10	plate_2	1	0	0	0.07200000000000001	0.07200000000000001	0.502	13.170916666666665		0.07200000000000001	1.129490450865424e-06	0.9936329224854645	0.8798088407699948	0.6307785584314112	0.48905754399291856	18.583333333333332	0.25856635970107733	0.2035346192765164	2.6807322551985378	18.0	18.583333333333332	0.0	0.0	16.636252222290604	0.4166666666666667	0.4166666666666667	18.666666666666668	FALSE
117	B10	plate_2	1	0	0	0.07200000000000001	0.07200000000000001	0.502	13.170916666666665		0.07200000000000001	1.129490450865424e-06	0.5856589578459359	0.49059297906363664	0.5845266476042423	0.4602857176812899	20.583333333333332	0.32940364104668657	0.10562374934734259	2.104248691233213	19.583333333333332	20.583333333333332	0.0	0.0	18.853504403510623	18.666666666666668	18.666666666666668	20.666666666666668	FALSE
117	B10	plate_2	1	0	0	0.07200000000000001	0.07200000000000001	0.502	13.170916666666665		0.07200000000000001	1.129490450865424e-06	0.07092792341043777	0.06812702184139792	0.11481562854823268	0.10868903567722066	21.75	0.11942791191233969	0.052982359501978174	5.803896002709288	21.083333333333332	21.75	0.0	0.0	20.698645974573278	20.666666666666668	20.666666666666668	21.833333333333332	FALSE
117	B10	plate_2	1	0	0	0.07200000000000001	0.07200000000000001	0.502	13.170916666666665		0.07200000000000001	1.129490450865424e-06	0.5001575090437065	0.41961075623730393	0.6199962053969357	0.4824238068939788	23.833333333333332	0.3705204309779207	0.21454382877395903	1.8707394319134047	23.0	23.833333333333332	0.0	0.0	22.371594247211526	21.833333333333332	21.833333333333332	23.916666666666668	FALSE
117	B10	plate_2	1	0	0	0.07200000000000001	0.07200000000000001	0.502	13.170916666666665		0.07200000000000001	1.129490450865424e-06	1.0902206425352248	0.9632891590074562	0.30939995690657374	0.2695689841140345	25.666666666666668	0.2257130108778284	-0.025638243069020995	3.07092257492912	24.5	28.25	0.05043174238430126	0.03927647597713979	23.943042044127996	23.916666666666668	23.916666666666668	28.333333333333332	FALSE
117	B10	plate_2	1	0	0	0.07200000000000001	0.07200000000000001	0.502	13.170916666666665		0.07200000000000001	1.129490450865424e-06	0.9138414384396102	0.8549180566129682	0.13283101993569302	0.12471982700020745	46.916666666666664	0.027278486682162692	-0.017203923006948757	25.410030572304137	34.416666666666664	47.083333333333336	0.00118757968193961	0.0010488789444913493	34.71657831359184	31.083333333333332	28.333333333333332	47.166666666666664	FALSE
118	B11	plate_2	1	0	0	0.073	0.071	0.508	13.2325		0.073	3.540343203234849e-06	3.1526810072418954	2.221068669824672	1.470898015178494	0.9045816534629044	20.833333333333332	0.24438118654694496	0.11187155486630203	2.836336095891709	18.666666666666668	20.833333333333332	0.0	0.0	16.594138671427313	0.4166666666666667	0.4166666666666667	20.916666666666668	FALSE
118	B11	plate_2	1	0	0	0.073	0.071	0.508	13.2325		0.073	3.540343203234849e-06	36.85370133135784	22.42625822212284	1.7805622685473184	1.0226531621249224	46.916666666666664	0.3050005451137225	-0.0022388400841032463	2.272609645013908	23.416666666666668	47.083333333333336	0.000549677750061317	0.00019770536887131485	21.73270531244245	20.916666666666668	20.916666666666668	47.166666666666664	FALSE
119	B12	plate_2	1	0	0	0.07400000000000001	0.073	0.525	13.337750000000002		0.07400000000000001	3.5548826787577105e-06	4.3058137711715405	3.0305714092598763	1.7574479773271352	1.014305606084379	21.333333333333332	0.2641853074456742	0.10910826438718299	2.623715857864203	19.333333333333332	21.333333333333332	0.0	0.0	16.95306941346522	0.4166666666666667	0.4166666666666667	21.416666666666668	FALSE
119	B12	plate_2	1	0	0	0.07400000000000001	0.073	0.525	13.337750000000002		0.07400000000000001	3.5548826787577105e-06	30.378314130605872	19.60124405411069	1.566512327376325	0.9425479061924735	46.916666666666664	0.30247196505288687	-0.003862297095559323	2.2916080187423296	23.5	47.083333333333336	0.0007928626926236859	0.00030897384648831405	22.10778706843366	21.416666666666668	21.416666666666668	47.166666666666664	FALSE
120	C1	plate_2	1	0	0	0.07200000000000001	0.07200000000000001	0.502	17.066166666666668		0.07200000000000001	5.51213441037025e-07	2.9101747384066914	2.1548318598568112	1.4739455142299311	0.905814250376902	12.083333333333334	0.239863438695072	0.20457928584777332	2.8897575400856037	10.5	12.083333333333334	0.0	0.0	8.188689183584975	0.4166666666666667	0.4166666666666667	12.166666666666666	FALSE
120	C1	plate_2	1	0	0	0.07200000000000001	0.07200000000000001	0.502	17.066166666666668		0.07200000000000001	5.51213441037025e-07	3.6148748264528052	2.6024631167479146	1.198007996175945	0.7875514939074533	17.416666666666668	0.22093298577179288	0.0379667810541333	3.13736393023681	13.583333333333334	17.416666666666668	0.0	0.0	12.219610946113189	12.166666666666666	12.166666666666666	17.5	FALSE
120	C1	plate_2	1	0	0	0.07200000000000001	0.07200000000000001	0.502	17.066166666666668		0.07200000000000001	5.51213441037025e-07	6.116380200571	5.530311845551428	0.25131292351319456	0.22419333890490156	24.333333333333332	0.04847624752068369	-0.01425153802578203	14.298697114792052	18.916666666666668	28.75	0.026116319932270926	0.021092015066668468	17.654105971209177	17.5	17.5	47.166666666666664	FALSE
121	C2	plate_2	1	0	0	0.071	0.071	0.511	17.18091666666666		0.071	5.37989618732141e-07	3.1261278908397507	2.275968591845218	1.5870686771033053	0.9505254498570563	12.166666666666666	0.25553038813841994	0.20791898767236672	2.7125821927076235	10.5	12.166666666666666	0.0	0.0	8.291651898739218	0.4166666666666667	0.4166666666666667	12.25	FALSE
121	C2	plate_2	1	0	0	0.071	0.071	0.511	17.18091666666666		0.071	5.37989618732141e-07	50.96150678548609	30.854637691763006	1.724539482516244	1.002299416591819	24.333333333333332	0.22305552983486207	-0.010532008595140585	3.107509511524386	13.5	47.083333333333336	0.2352553479188293	0.09030424359575895	12.293659836695296	12.25	12.25	47.166666666666664	FALSE
122	C3	plate_2	1	0	0	0.073	0.073	0.511	17.302416666666666		0.073	4.796124705352078e-07	2.540158921083272	1.8920260807878484	1.3874014838560478	0.8702055292150271	11.666666666666666	0.2468050950163817	0.20705200939159957	2.808480029611778	10.166666666666666	11.666666666666666	0.0	0.0	8.025391091359833	0.4166666666666667	0.4166666666666667	11.75	FALSE
122	C3	plate_2	1	0	0	0.073	0.073	0.511	17.302416666666666		0.073	4.796124705352078e-07	4.353219855293671	3.029222240596009	1.3764745953424913	0.8656181270684358	17.333333333333332	0.23158963631159948	0.04159070979698381	2.9929974052350463	13.25	17.333333333333332	0.0	0.0	11.836026222684719	11.75	11.75	17.416666666666668	FALSE
122	C3	plate_2	1	0	0	0.073	0.073	0.511	17.302416666666666		0.073	4.796124705352078e-07	4.466952115573271	4.138570809553373	0.20712876739878872	0.18824462026831634	24.0	0.054329821902098244	-0.009425887311491719	12.758134598876268	18.833333333333332	35.75	0.10755708827974919	0.09332389891214343	17.587275698620886	17.416666666666668	17.416666666666668	47.166666666666664	FALSE
123	C4	plate_2	1	0	0	0.071	0.071	0.511	17.013499999999997		0.071	4.4155820641559083e-07	2.7325384057199367	2.026556161935326	1.4423450138199017	0.8929586490095004	12.0	0.24998130222932652	0.20503763817834927	2.772796102662389	10.416666666666666	12.0	0.0	0.0	8.287685216536538	0.4166666666666667	0.4166666666666667	12.083333333333334	FALSE
123	C4	plate_2	1	0	0	0.071	0.071	0.511	17.013499999999997		0.071	4.4155820641559083e-07	4.317513087015016	3.0109263817713847	1.3758161737591874	0.8653410305608746	17.666666666666668	0.22967936896252192	0.04390884937096439	3.0178904778907243	13.5	17.666666666666668	0.0	0.0	12.161954986978632	12.083333333333334	12.083333333333334	17.75	FALSE
123	C4	plate_2	1	0	0	0.071	0.071	0.511	17.013499999999997		0.071	4.4155820641559083e-07	4.344802224923525	4.026638749123507	0.21289764916161302	0.1930122481344414	24.583333333333332	0.05826404330348014	-0.011491494641350929	11.896654287268513	19.25	35.75	0.12334170348490647	0.10724202418637452	17.94193249642618	17.75	17.75	47.166666666666664	FALSE
124	C5	plate_2	1	0	0	0.07	0.07	0.508	17.01208333333333		0.07	4.407237646044818e-07	2.69210780991117	2.0199319989380933	1.4129915183798385	0.8808672716677318	11.75	0.24839898550255143	0.20953125546861506	2.7904589833875373	10.25	11.75	0.0	0.0	8.090329501458832	0.4166666666666667	0.4166666666666667	11.833333333333334	FALSE
124	C5	plate_2	1	0	0	0.07	0.07	0.508	17.01208333333333		0.07	4.407237646044818e-07	4.588385998718403	3.158938847805347	1.4401538386579786	0.8920610859479483	17.5	0.2341226426359812	0.044685375777564484	2.9606157386394494	13.333333333333334	17.5	0.0	0.0	11.914033853274764	11.833333333333334	11.833333333333334	17.583333333333332	FALSE
124	C5	plate_2	1	0	0	0.07	0.07	0.508	17.01208333333333		0.07	4.407237646044818e-07	4.180206496800244	3.884868037783127	0.20538593221897172	0.18679979136569602	24.333333333333332	0.05661719976749164	-0.010198391619116365	12.242696272625183	19.0	35.583333333333336	0.12247946736251802	0.10715119378353677	17.734419933454546	17.583333333333332	17.583333333333332	47.166666666666664	FALSE
125	C6	plate_2	1	0	0	0.07	0.07	0.46799999999999997	13.402		0.07	3.9946566752273915e-07	2.734163848661734	2.220303900389918	0.9445992721323466	0.6650559260913578	15.833333333333334	0.1326139945908596	0.10661010456834313	5.226802666629879	14.5	15.833333333333334	0.0	0.0	10.704458699490631	0.4166666666666667	0.4166666666666667	15.916666666666666	FALSE
125	C6	plate_2	1	0	0	0.07	0.07	0.46799999999999997	13.402		0.07	3.9946566752273915e-07	0.4594215956796609	0.41131901945257443	0.37802289856086113	0.3206497896964071	18.5	0.13328004769616905	0.12969853885944335	5.20068226671162	17.583333333333332	18.5	0.0	0.0	16.08119141702431	15.916666666666666	15.916666666666666	18.583333333333332	FALSE
125	C6	plate_2	1	0	0	0.07	0.07	0.46799999999999997	13.402		0.07	3.9946566752273915e-07	0.20154889667841264	0.1871699953167636	0.2351565710566812	0.21119774022781335	20.25	0.12976849254582937	0.12093301320403033	5.3414135200434085	18.916666666666668	20.25	0.0	0.0	18.583463299945105	18.583333333333332	18.583333333333332	20.333333333333332	FALSE
125	C6	plate_2	1	0	0	0.07	0.07	0.46799999999999997	13.402		0.07	3.9946566752273915e-07	0.3007511524507097	0.2754210194191454	0.2833628078561501	0.24948382652847845	22.416666666666668	0.1252476729569838	0.10693316681803096	5.534212047181156	21.25	22.416666666666668	0.0	0.0	20.34944879241309	20.333333333333332	20.333333333333332	22.5	FALSE
125	C6	plate_2	1	0	0	0.07	0.07	0.46799999999999997	13.402		0.07	3.9946566752273915e-07	9.917446197187578	8.267327438515366	0.5077759508110462	0.410635684814866	46.833333333333336	0.13083297320145634	-0.003967564981653302	5.297954816731396	23.75	47.083333333333336	0.0007520655262556186	0.0004989157375234754	22.621818669232386	22.5	22.5	47.166666666666664	FALSE
126	C7	plate_2	1	0	0	0.071	0.071	0.462	13.415916666666666		0.071	5.408811704783906e-07	2.8871709349802748	2.325827966265451	0.9904401737654296	0.6883558071238196	15.916666666666666	0.13059307257426744	0.11557841366600652	5.307687206499846	14.416666666666666	15.916666666666666	0.0	0.0	10.570258772649344	0.4166666666666667	0.4166666666666667	16.0	FALSE
126	C7	plate_2	1	0	0	0.071	0.071	0.462	13.415916666666666		0.071	5.408811704783906e-07	0.8755585675779287	0.7514571110631884	0.5419528592251361	0.4330497034839047	19.416666666666668	0.13731849708402272	0.11761199964660475	5.047733519365719	17.833333333333332	19.416666666666668	0.0	0.0	16.156501537634494	16.0	16.0	19.5	FALSE
126	C7	plate_2	1	0	0	0.071	0.071	0.462	13.415916666666666		0.071	5.408811704783906e-07	0.4852603728447866	0.4349690475800654	0.36128450769779574	0.3084287449512906	22.166666666666668	0.12275881807198565	0.09970395073082193	5.646414583052474	20.583333333333332	22.166666666666668	0.0	0.0	19.526578363551348	19.5	19.5	22.25	FALSE
126	C7	plate_2	1	0	0	0.071	0.071	0.462	13.415916666666666		0.071	5.408811704783906e-07	10.331551334342397	8.566039326033232	0.513129103181087	0.4141797604329607	46.5	0.11846363720571951	-0.0018157688413753946	5.851138770593814	23.666666666666668	47.083333333333336	0.0008212395029174591	0.0005428898582806596	22.375687884019644	22.25	22.25	47.166666666666664	FALSE
127	C8	plate_2	1	0	0	0.07	0.07	0.46	13.309333333333333		0.07	3.8544736977190185e-07	2.5517524204381883	2.0814777586270727	0.9077171888812969	0.6459073381830907	15.666666666666666	0.13084591725641323	0.10920161254130825	5.297430711587386	14.333333333333334	15.666666666666666	0.0	0.0	10.628617864900592	0.4166666666666667	0.4166666666666667	15.75	FALSE
127	C8	plate_2	1	0	0	0.07	0.07	0.46	13.309333333333333		0.07	3.8544736977190185e-07	1.4362967637164854	1.1850150856755752	0.7189585905864901	0.5417186368647735	20.083333333333332	0.13401216887171954	0.118376216454387	5.1722704467491045	17.5	20.083333333333332	0.0	0.0	15.91045433675213	15.75	15.75	20.166666666666668	FALSE
127	C8	plate_2	1	0	0	0.07	0.07	0.46	13.309333333333333		0.07	3.8544736977190185e-07	0.4015813472002754	0.36316089316636424	0.3281306782129507	0.2837724484818447	22.583333333333332	0.1247544582094507	0.10150433968579756	5.556091465655023	21.25	22.583333333333332	0.0	0.0	20.1958625930632	20.166666666666668	20.166666666666668	22.666666666666668	FALSE
127	C8	plate_2	1	0	0	0.07	0.07	0.46	13.309333333333333		0.07	3.8544736977190185e-07	8.968843518919883	7.585557312906622	0.4577494055251561	0.37689374331703096	47.083333333333336	0.12270452677663743	0.0069934858356120325	5.648912870359713	23.833333333333332	47.083333333333336	0.0	0.0	22.773190727263227	22.666666666666668	22.666666666666668	47.166666666666664	FALSE
128	C9	plate_2	1	0	0	0.07	0.07	0.469	13.559916666666664		0.07	5.203600625760897e-07	2.903854050192384	2.3181113263635003	1.0156110493510817	0.7009223997258717	16.083333333333332	0.13258669691470998	0.11662272735658594	5.227878789422073	14.5	16.083333333333332	0.0	0.0	10.708301714713073	0.4166666666666667	0.4166666666666667	16.166666666666668	FALSE
128	C9	plate_2	1	0	0	0.07	0.07	0.469	13.559916666666664		0.07	5.203600625760897e-07	1.0443652933031038	0.8825512537949641	0.6108959461051751	0.47679051247828186	19.833333333333332	0.14052229352556767	0.12377814870225856	4.932649212943773	18.166666666666668	19.833333333333332	0.0	0.0	16.339347086794945	16.166666666666668	16.166666666666668	19.916666666666668	FALSE
128	C9	plate_2	1	0	0	0.07	0.07	0.469	13.559916666666664		0.07	5.203600625760897e-07	0.5018350857999053	0.4485133679320028	0.37312380777329324	0.31708829589840404	22.583333333333332	0.12528185013158713	0.10584739646937881	5.532702301505868	20.75	22.583333333333332	0.0	0.0	19.9222609231648	19.916666666666668	19.916666666666668	22.666666666666668	FALSE
128	C9	plate_2	1	0	0	0.07	0.07	0.469	13.559916666666664		0.07	5.203600625760897e-07	9.039058550343247	7.635386800152967	0.4586359416735495	0.37750171247758946	46.75	0.1115306921895858	-0.0026790063223115015	6.214855901563821	23.75	47.083333333333336	0.0005240310919896185	0.0003593256079525986	22.695191346145815	22.666666666666668	22.666666666666668	47.166666666666664	FALSE
129	C10	plate_2	1	0	0	0.07	0.07	0.473	13.536916666666666		0.07	4.287370579915466e-07	3.06217440786971	2.4524908360400834	1.0203347263274356	0.7032632037880645	16.333333333333332	0.12836425529262982	0.1120483987497119	5.399845766874816	14.666666666666666	16.333333333333332	0.0	0.0	10.760101724811767	0.4166666666666667	0.4166666666666667	16.416666666666668	FALSE
129	C10	plate_2	1	0	0	0.07	0.07	0.473	13.536916666666666		0.07	4.287370579915466e-07	1.0196085297228248	0.8640075709226934	0.6000777399917734	0.4700522155602598	20.083333333333332	0.1400393023736359	0.1227496026506153	4.949661765027749	18.416666666666668	20.083333333333332	0.0	0.0	16.627297949000432	16.416666666666668	16.416666666666668	20.166666666666668	FALSE
129	C10	plate_2	1	0	0	0.07	0.07	0.473	13.536916666666666		0.07	4.287370579915466e-07	0.4741998045165646	0.4246453238661808	0.36825951091333975	0.3135395021694505	22.75	0.12578080724015123	0.11211104126178105	5.510754746839323	21.166666666666668	22.75	0.0	0.0	20.1798567039892	20.166666666666668	20.166666666666668	22.833333333333332	FALSE
129	C10	plate_2	1	0	0	0.07	0.07	0.473	13.536916666666666		0.07	4.287370579915466e-07	9.520978492278072	7.970705822250238	0.4820188697851202	0.39340525944136484	46.833333333333336	0.11607603045244201	-0.001506197720396842	5.971492803968149	23.833333333333332	47.083333333333336	0.00025910662670747264	0.00017484883957763486	22.853136272969135	22.833333333333332	22.833333333333332	47.166666666666664	FALSE
135	D4	plate_2	1	0	0	0.07	0.069	0.52	13.462666666666667		0.07	4.62887209883387e-06	3.570898556595008	2.516434842008516	1.5897144311639666	0.9515476113947093	20.833333333333332	0.26577482137023434	0.11307169018050058	2.6080242552185378	18.666666666666668	20.833333333333332	0.0	0.0	16.649879710351073	0.4166666666666667	0.4166666666666667	20.916666666666668	FALSE
135	D4	plate_2	1	0	0	0.07	0.069	0.52	13.462666666666667		0.07	4.62887209883387e-06	37.80472937859904	22.789629610681672	1.8301167529841638	1.0403179662755986	46.583333333333336	0.2936110368393744	-0.007890914987274993	2.3607667750553425	23.333333333333332	47.083333333333336	0.0044967427545548055	0.001590153110143433	21.65440447278394	20.916666666666668	20.916666666666668	47.166666666666664	FALSE
136	D5	plate_2	1	0	0	0.071	0.071	0.515	13.227833333333333		0.071	3.812245545317005e-06	4.146902703353464	2.9193160872804684	1.7316432434690885	1.0049033487999217	21.333333333333332	0.26886610993753884	0.11729869857608904	2.5780384918016352	19.166666666666668	21.333333333333332	0.0	0.0	17.01770021826531	0.4166666666666667	0.4166666666666667	21.416666666666668	FALSE
136	D5	plate_2	1	0	0	0.071	0.071	0.515	13.227833333333333		0.071	3.812245545317005e-06	32.527750107464406	20.510857888030436	1.6268894669065004	0.9658004340307922	46.75	0.27879773433544525	-0.006035203980967866	2.4862009091005057	23.666666666666668	47.083333333333336	0.0024411135832904662	0.0009297111870125718	22.090540613893197	21.416666666666668	21.416666666666668	47.166666666666664	FALSE
137	D6	plate_2	1	0	0	0.071	0.071	0.515	13.339666666666664		0.071	3.2347507335790244e-06	4.496714360438467	3.051322083307442	1.9081911080981748	1.0675312755649538	21.25	0.2896178546562457	0.10787968057296815	2.393316466564736	19.083333333333332	21.25	0.0	0.0	16.92118877328208	0.4166666666666667	0.4166666666666667	21.333333333333332	FALSE
137	D6	plate_2	1	0	0	0.071	0.071	0.515	13.339666666666664		0.071	3.2347507335790244e-06	29.325982857299362	19.13918325733195	1.4677040557724386	0.9032881862811086	46.75	0.2694656434608319	-0.007810114700941643	2.572302619575684	23.5	47.083333333333336	0.002999474094254495	0.0012162311294403594	22.01453058700418	21.333333333333332	21.333333333333332	47.166666666666664	FALSE
138	D7	plate_2	1	0	0	0.07200000000000001	0.07200000000000001	0.523	13.128250000000001		0.07200000000000001	3.7690667653441923e-06	4.586752594313225	3.122796835345144	1.9112592062737668	1.0685857045209943	22.166666666666668	0.2885599981389781	0.10844313581250162	2.4020903279397285	20.0	22.166666666666668	0.0	0.0	17.813922898393827	0.4166666666666667	0.4166666666666667	22.25	FALSE
138	D7	plate_2	1	0	0	0.07200000000000001	0.07200000000000001	0.523	13.128250000000001		0.07200000000000001	3.7690667653441923e-06	28.022759628380474	18.333614963787042	1.4689128815390236	0.9037779248231492	46.666666666666664	0.2714478187213506	-0.007610022883637398	2.5535190661137044	24.416666666666668	47.083333333333336	0.003041936147978319	0.0012328550307199038	22.892046128519127	22.25	22.25	47.166666666666664	FALSE
139	D8	plate_2	1	0	0	0.073	0.07200000000000001	0.512	13.35375		0.073	2.1126035311226462e-06	4.221210904218603	2.9293157738595945	1.8051635031382776	1.031461827164739	20.833333333333332	0.29709604082521945	0.05532900474747782	2.3330744449998284	19.333333333333332	20.833333333333332	0.0	0.0	16.833131199982986	0.4166666666666667	0.4166666666666667	20.916666666666668	FALSE
139	D8	plate_2	1	0	0	0.073	0.07200000000000001	0.512	13.35375		0.073	2.1126035311226462e-06	2.9903352660126643	2.1441025115409182	1.1865136585821872	0.7823083386302832	25.333333333333332	0.2733385362564841	-0.028331177146180265	2.535856048887079	22.583333333333332	25.75	0.014961887882851244	0.006866324936547263	21.574315987728323	20.916666666666668	20.916666666666668	25.833333333333332	FALSE
139	D8	plate_2	1	0	0	0.073	0.07200000000000001	0.512	13.35375		0.073	2.1126035311226462e-06	0.8504844586898008	0.7646761262814495	0.1483496076718387	0.13832578783511917	47.0	0.03302463118859847	-0.006532313157896029	20.988793988386757	35.083333333333336	47.083333333333336	0.0003771357904107653	0.00032846942261244294	34.93302810657239	30.75	25.833333333333332	47.166666666666664	FALSE
140	D9	plate_2	1	0	0	0.076	0.076	0.515	17.254166666666666		0.076	7.694130165291745e-07	2.3950294503974545	1.8438843312388482	1.2232806072171454	0.7989838560833828	12.166666666666666	0.21086122873189128	0.19583255430626742	3.2872196786886674	10.833333333333334	12.166666666666666	0.0	0.0	8.333076925442242	0.4166666666666667	0.4166666666666667	12.25	FALSE
140	D9	plate_2	1	0	0	0.076	0.076	0.515	17.254166666666666		0.076	7.694130165291745e-07	4.34027843468128	3.0240407656455166	1.3797286607438717	0.8669864730931567	17.916666666666668	0.21575708225293316	0.034811214489994136	3.2126277076150167	14.0	17.916666666666668	0.0	0.0	12.33649612190997	12.25	12.25	18.0	FALSE
140	D9	plate_2	1	0	0	0.076	0.076	0.515	17.254166666666666		0.076	7.694130165291745e-07	5.778064367711316	5.244259004485167	0.25069250321856984	0.2236974004862935	24.666666666666668	0.051862158640791814	-0.010176249140598398	13.365181834424364	19.583333333333332	25.583333333333332	0.04335540605721522	0.03528021222590838	18.277996051843676	18.0	18.0	47.166666666666664	FALSE
141	D10	plate_2	1	0	0	0.07200000000000001	0.07200000000000001	0.542	17.872749999999996		0.07200000000000001	8.083095059106362e-07	2.8208755297230788	2.1182578837375265	1.4152256853681835	0.8817927342364295	12.083333333333334	0.23081937414868337	0.20754302307871875	3.002985269830302	10.666666666666666	12.083333333333334	0.0	0.0	8.193991885697478	0.4166666666666667	0.4166666666666667	12.166666666666666	FALSE
141	D10	plate_2	1	0	0	0.07200000000000001	0.07200000000000001	0.542	17.872749999999996		0.07200000000000001	8.083095059106362e-07	5.066219876240715	3.44678840772499	1.492455303953561	0.913268290477851	18.166666666666668	0.22625549833581626	0.03236986249721533	3.063559496490787	13.666666666666666	18.166666666666668	0.0	0.0	12.233601358083158	12.166666666666666	12.166666666666666	18.25	FALSE
141	D10	plate_2	1	0	0	0.07200000000000001	0.07200000000000001	0.542	17.872749999999996		0.07200000000000001	8.083095059106362e-07	4.6784142805533175	4.308842458927986	0.22699238032366087	0.20456595570432579	24.833333333333332	0.05273439998248693	-0.009449814394118928	13.14411808591999	19.833333333333332	36.25	0.11546614280350975	0.0988318960546084	18.560533432701675	18.25	18.25	47.166666666666664	FALSE
142	D11	plate_2	1	0	0	0.07200000000000001	0.07200000000000001	0.535	17.454583333333332		0.07200000000000001	6.776799499451675e-07	2.3956029574380717	1.8232535198372681	1.2684779863379094	0.8191091160139238	12.166666666666666	0.22217154169503095	0.20149745618058107	3.1198738383487936	10.833333333333334	12.166666666666666	0.0	0.0	8.421471127728747	0.4166666666666667	0.4166666666666667	12.25	FALSE
142	D11	plate_2	1	0	0	0.07200000000000001	0.07200000000000001	0.535	17.454583333333332		0.07200000000000001	6.776799499451675e-07	5.657222604368251	3.7617127995545188	1.6339923920632105	0.968500714958228	18.5	0.22847376956414228	0.034578158984464834	3.0338151372135935	13.916666666666666	18.5	0.0	0.0	12.355170405669154	12.25	12.25	18.583333333333332	FALSE
142	D11	plate_2	1	0	0	0.07200000000000001	0.07200000000000001	0.535	17.454583333333332		0.07200000000000001	6.776799499451675e-07	4.234883116408999	3.9235624142391017	0.21765834678704943	0.19692962648034307	25.333333333333332	0.054731389184894896	-0.012055695616337155	12.664527447281465	20.166666666666668	37.166666666666664	0.12343083372714392	0.10688097969638921	18.896369585414085	18.583333333333332	18.583333333333332	47.166666666666664	FALSE
143	D12	plate_2	1	0	0	0.071	0.071	0.534	17.382749999999994		0.071	1.0330762773854526e-06	2.5519073469200393	1.9199140006535653	1.3380379064471368	0.8493120761122581	12.083333333333334	0.2280942510644368	0.20303484745219952	3.038863002137352	10.666666666666666	12.083333333333334	0.0	0.0	8.283980690993172	0.4166666666666667	0.4166666666666667	12.166666666666666	FALSE
143	D12	plate_2	1	0	0	0.071	0.071	0.534	17.382749999999994		0.071	1.0330762773854526e-06	5.4733902154104035	3.664197574104482	1.5881276350906846	0.9509346934637823	18.333333333333332	0.22893422184822007	0.033422476562522285	3.0277132661253736	13.833333333333334	18.333333333333332	0.0	0.0	12.26114431419637	12.166666666666666	12.166666666666666	18.416666666666668	FALSE
143	D12	plate_2	1	0	0	0.071	0.071	0.534	17.382749999999994		0.071	1.0330762773854526e-06	3.9719059221399746	3.6971141287864264	0.21702737043490217	0.1964113038386892	25.333333333333332	0.05366837138457192	-0.01299871766210799	12.915375717162245	20.0	31.333333333333332	0.12977248437751832	0.11275523739375215	18.713819399191895	18.416666666666668	18.416666666666668	47.166666666666664	FALSE
144	E1	plate_2	1	0	0	0.07	0.07	0.532	17.39325		0.07	7.260836599181691e-07	2.8128645775009558	2.0833589518910816	1.4526160038625822	0.8971552115885382	12.166666666666666	0.235410821047995	0.21041683540433176	2.9444151185328398	10.666666666666666	12.166666666666666	0.0	0.0	8.278767320314234	0.4166666666666667	0.4166666666666667	12.25	FALSE
144	E1	plate_2	1	0	0	0.07	0.07	0.532	17.39325		0.07	7.260836599181691e-07	5.132324389511574	3.4800451333624705	1.5031955481477324	0.9175681349064814	18.25	0.2284432501673187	0.029275368689349004	3.0342204466635083	13.75	18.25	0.0	0.0	12.309627977536472	12.25	12.25	18.333333333333332	FALSE
144	E1	plate_2	1	0	0	0.07	0.07	0.532	17.39325		0.07	7.260836599181691e-07	3.9321985370394414	3.6621629579053367	0.21255160063913148	0.19272690015211769	25.5	0.052862524133258745	-0.011840604469785129	13.112260375850044	19.916666666666668	27.916666666666668	0.1292731437027288	0.11273484889722418	18.690214317790314	18.333333333333332	18.333333333333332	47.166666666666664	FALSE
145	E2	plate_2	1	0	0	0.07	0.07	0.486	14.16275		0.07	8.967509977620523e-07	4.079503986078101	3.0552696930867986	1.3955243266364357	0.873602132428878	16.083333333333332	0.15699427265990196	0.13127461114516936	4.4151112573483235	13.916666666666666	16.083333333333332	0.0	0.0	10.342961973936477	0.4166666666666667	0.4166666666666667	16.166666666666668	FALSE
145	E2	plate_2	1	0	0	0.07	0.07	0.486	14.16275		0.07	8.967509977620523e-07	2.16547693990824	1.7265086526853166	0.8331897707769813	0.6060574936552549	21.333333333333332	0.1361763779828161	0.07994243803815543	5.09006915022672	17.583333333333332	21.333333333333332	0.0	0.0	16.193573855394913	16.166666666666668	16.166666666666668	21.416666666666668	FALSE
145	E2	plate_2	1	0	0	0.07	0.07	0.486	14.16275		0.07	8.967509977620523e-07	11.012520591109178	9.068185474605047	0.550661754742064	0.43868177836209443	46.75	0.1035181459540893	-0.00955905012004267	6.6959002614610075	23.25	47.083333333333336	0.0022295950117787733	0.0014388692036959583	21.637544283176993	21.416666666666668	21.416666666666668	47.166666666666664	FALSE
146	E3	plate_2	1	0	0	0.07200000000000001	0.071	0.483	14.041		0.07200000000000001	9.298716766376489e-07	3.872695280410335	2.917270881134204	1.3377746321356008	0.8491994649630121	16.166666666666668	0.15476598222966362	0.12514106518131635	4.4786791682125315	14.083333333333334	16.166666666666668	0.0	0.0	10.493864949914153	0.4166666666666667	0.4166666666666667	16.25	FALSE
146	E3	plate_2	1	0	0	0.07200000000000001	0.071	0.483	14.041		0.07200000000000001	9.298716766376489e-07	2.4728321462492464	1.9492069840501145	0.8924922348110687	0.6378946031829081	21.833333333333332	0.13346396594325616	0.07851077722242218	5.19351553553148	17.75	21.833333333333332	0.0	0.0	16.300761288418137	16.25	16.25	21.916666666666668	FALSE
146	E3	plate_2	1	0	0	0.07200000000000001	0.071	0.483	14.041		0.07200000000000001	9.298716766376489e-07	9.660598119790654	8.099822979832675	0.49540272509043937	0.40239555189741116	47.083333333333336	0.09910010905088705	-0.00048268957747191535	6.994413903258373	23.583333333333332	47.083333333333336	0.0	0.0	22.107498082402547	21.916666666666668	21.916666666666668	47.166666666666664	FALSE
147	E4	plate_2	1	0	0	0.071	0.071	0.48100000000000004	14.116666666666667		0.071	7.798410319059014e-07	3.951390049319213	2.9772751976559038	1.348522731732896	0.8537865056941457	16.25	0.15484139617465348	0.12460408204758286	4.476497872559282	14.25	16.25	0.0	0.0	10.547382547327384	0.4166666666666667	0.4166666666666667	16.333333333333332	FALSE
147	E4	plate_2	1	0	0	0.071	0.071	0.48100000000000004	14.116666666666667		0.071	7.798410319059014e-07	2.979616593702153	2.2930358906279453	1.0180241487518868	0.7021188885356777	22.333333333333332	0.13982910022685816	0.0828079107463897	4.957102487503575	17.916666666666668	22.333333333333332	0.0	0.0	16.42034947231506	16.333333333333332	16.333333333333332	22.416666666666668	FALSE
147	E4	plate_2	1	0	0	0.071	0.071	0.48100000000000004	14.116666666666667		0.071	7.798410319059014e-07	7.79845767859238	6.730449886262982	0.4009672468336485	0.33716288866163935	46.833333333333336	0.09576432307667472	-0.0033746976485064693	7.238052317301608	23.75	47.083333333333336	0.0004556538335793725	0.00032529521988067245	22.515920632625637	22.416666666666668	22.416666666666668	47.166666666666664	FALSE
148	E5	plate_2	1	0	0	0.07200000000000001	0.07200000000000001	0.483	14.029666666666666		0.07200000000000001	5.874934405215022e-07	2.814631237900236	2.2386050295517492	1.0125040614252674	0.6993797484080567	15.666666666666666	0.13757444511584055	0.11053868377812856	5.038342549565081	14.166666666666666	15.666666666666666	0.0	0.0	10.45269590602239	0.4166666666666667	0.4166666666666667	15.75	FALSE
148	E5	plate_2	1	0	0	0.07200000000000001	0.07200000000000001	0.483	14.029666666666666		0.07200000000000001	5.874934405215022e-07	0.3412197926480077	0.31045907432708836	0.3162403633844866	0.27477946317390023	18.0	0.12932226767859792	0.12877933546824866	5.359844000590914	17.5	18.0	0.0	0.0	15.874273884589662	15.75	15.75	18.083333333333332	FALSE
148	E5	plate_2	1	0	0	0.07200000000000001	0.07200000000000001	0.483	14.029666666666666		0.07200000000000001	5.874934405215022e-07	0.24516095490630554	0.2259107402522743	0.2634137457241845	0.2338173793695998	19.916666666666668	0.1295191930450984	0.12259762841064992	5.351694712293277	18.75	19.916666666666668	0.0	0.0	18.085381819778934	18.083333333333332	18.083333333333332	20.0	FALSE
148	E5	plate_2	1	0	0	0.07200000000000001	0.07200000000000001	0.483	14.029666666666666		0.07200000000000001	5.874934405215022e-07	0.4441074402557246	0.39924054718994845	0.3449382363744553	0.29634809108821947	22.5	0.129797724532138	0.09128664963121699	5.340210570396568	21.083333333333332	22.5	0.0	0.0	20.03281220826242	20.0	20.0	22.583333333333332	FALSE
148	E5	plate_2	1	0	0	0.07200000000000001	0.07200000000000001	0.483	14.029666666666666		0.07200000000000001	5.874934405215022e-07	8.453604365680238	7.213073934031242	0.4277636635435107	0.3561093485002411	47.083333333333336	0.11627043666021467	0.009911219120240905	5.961508363347584	23.833333333333332	47.083333333333336	0.0	0.0	22.732479706367663	22.583333333333332	22.583333333333332	47.166666666666664	FALSE
149	E6	plate_2	1	0	0	0.071	0.071	0.484	14.043499999999998		0.071	6.444192428916522e-07	2.7272289068458666	2.18432257353787	0.9804388946392828	0.683318484101852	15.5	0.13724593413495298	0.10711318900459996	5.050402293727539	14.25	15.5	0.0	0.0	10.394902407331559	0.4166666666666667	0.4166666666666667	15.583333333333334	FALSE
149	E6	plate_2	1	0	0	0.071	0.071	0.484	14.043499999999998		0.071	6.444192428916522e-07	0.34444489308208853	0.3128131861340159	0.3245120817362741	0.28104415142207595	17.833333333333332	0.13581607725341535	0.13378223847164758	5.103572379480683	17.25	17.833333333333332	0.0	0.0	15.760157723837438	15.583333333333334	15.583333333333334	17.916666666666668	FALSE
149	E6	plate_2	1	0	0	0.071	0.071	0.484	14.043499999999998		0.071	6.444192428916522e-07	0.36261913641877236	0.3277167335135044	0.33371489083012174	0.287968199636085	20.083333333333332	0.1368449380455922	0.12464147202296595	5.065201464222313	18.833333333333332	20.083333333333332	0.0	0.0	17.928512376697412	17.916666666666668	17.916666666666668	20.166666666666668	FALSE
149	E6	plate_2	1	0	0	0.071	0.071	0.484	14.043499999999998		0.071	6.444192428916522e-07	0.3589040469479603	0.32608043160543054	0.3067493134406336	0.2675426132161769	22.416666666666668	0.12944291189568963	0.09454845275731134	5.354848484237681	21.0	22.416666666666668	0.0	0.0	20.183217632542817	20.166666666666668	20.166666666666668	22.5	FALSE
149	E6	plate_2	1	0	0	0.071	0.071	0.484	14.043499999999998		0.071	6.444192428916522e-07	8.445606303923649	7.212983396288031	0.4278561759513557	0.3561741417241835	47.083333333333336	0.11998698272587308	0.0012313279751459021	5.776853162009552	23.666666666666668	47.083333333333336	0.0	0.0	22.6358381636257	22.5	22.5	47.166666666666664	FALSE
155	E12	plate_2	1	0	0	0.07200000000000001	0.07200000000000001	0.511	13.630416666666664		0.07200000000000001	2.5131874643055974e-06	3.9777257829080828	2.7610161821118484	1.7805669679471836	1.0226548522132715	20.666666666666668	0.30911844120591625	0.060398333706877784	2.242335261060054	19.166666666666668	20.666666666666668	0.0	0.0	16.82523115965659	0.4166666666666667	0.4166666666666667	20.75	FALSE
155	E12	plate_2	1	0	0	0.07200000000000001	0.07200000000000001	0.511	13.630416666666664		0.07200000000000001	2.5131874643055974e-06	32.4349548845376	20.630516977674056	1.5367466644060581	0.9308824192677678	45.166666666666664	0.2569081299205381	-0.008619654561605837	2.698035211164148	22.5	47.083333333333336	0.003283648644241577	0.0012952715214815669	21.424594038666086	20.75	20.75	47.166666666666664	FALSE
156	F1	plate_2	1	0	0	0.071	0.07	0.529	13.311583333333331		0.071	4.430670789931325e-06	3.835777897260528	2.7116334094750445	1.6484368356007626	0.9739695925961928	21.583333333333332	0.25867342539628807	0.11783726697774595	2.679622692195933	19.416666666666668	21.583333333333332	0.0	0.0	17.276518644969407	0.4166666666666667	0.4166666666666667	21.666666666666668	FALSE
156	F1	plate_2	1	0	0	0.071	0.07	0.529	13.311583333333331		0.071	4.430670789931325e-06	34.99608880124619	21.421842672558622	1.783010252014443	1.0235331663366247	46.666666666666664	0.27707255490957644	-0.007063510133825836	2.501681123870808	24.083333333333332	47.083333333333336	0.003571317007088126	0.0012840809426677424	22.389772852936908	21.666666666666668	21.666666666666668	47.166666666666664	FALSE
157	F2	plate_2	1	0	0	0.071	0.071	0.518	13.439666666666666		0.071	3.986900605815435e-06	4.04254399931699	2.8175290515758573	1.726967465549249	1.0031901733006248	21.166666666666668	0.25850177799622953	0.1234210036505394	2.6814019846705093	18.916666666666668	21.166666666666668	0.0	0.0	16.739797684471327	0.4166666666666667	0.4166666666666667	21.25	FALSE
157	F2	plate_2	1	0	0	0.071	0.071	0.518	13.439666666666666		0.071	3.986900605815435e-06	33.57650802541014	20.996193114327266	1.6460411579733454	0.9730646203614135	46.5	0.270428135510022	-0.008224602888855367	2.5631474301025805	23.583333333333332	47.083333333333336	0.00492382626532839	0.001862561032883292	21.912165558369505	21.25	21.25	47.166666666666664	FALSE
158	F3	plate_2	1	0	0	0.07200000000000001	0.07200000000000001	0.524	13.566416666666665		0.07200000000000001	9.091445246342428e-07	1.053434336259622	0.911740673220901	0.682137490352039	0.5200653003931847	18.916666666666668	0.23929105901902883	0.22701456849306084	2.89666978532961	18.666666666666668	18.916666666666668	0.0	0.0	16.737946618563868	0.4166666666666667	0.4166666666666667	19.0	FALSE
158	F3	plate_2	1	0	0	0.07200000000000001	0.07200000000000001	0.524	13.566416666666665		0.07200000000000001	9.091445246342428e-07	0.4526787155826857	0.38265422813908156	0.5299849110706645	0.42525787331039644	20.583333333333332	0.3992533688659526	0.026328599199423364	1.736108533107121	19.833333333333332	20.583333333333332	0.0	0.0	19.206876145102346	19.0	19.0	20.666666666666668	FALSE
158	F3	plate_2	1	0	0	0.07200000000000001	0.07200000000000001	0.524	13.566416666666665		0.07200000000000001	9.091445246342428e-07	0.10701043827993108	0.10041697354730783	0.1813472547533892	0.16665552850307808	21.916666666666668	0.23032218581713457	0.04674103653975648	3.0094677075975342	21.333333333333332	21.916666666666668	0.0	0.0	20.99617366599259	20.666666666666668	20.666666666666668	22.0	FALSE
158	F3	plate_2	1	0	0	0.07200000000000001	0.07200000000000001	0.524	13.566416666666665		0.07200000000000001	9.091445246342428e-07	0.18591517133202756	0.16810809850038128	0.31996748420036214	0.2776071031133338	23.333333333333332	0.3128036576308362	0.17863317581982002	2.2159177607123186	22.75	23.333333333333332	0.0	0.0	22.33460580047439	22.0	22.0	23.416666666666668	FALSE
158	F3	plate_2	1	0	0	0.07200000000000001	0.07200000000000001	0.524	13.566416666666665		0.07200000000000001	9.091445246342428e-07	2.2261838480434406	1.8301180740946474	0.5199680790491052	0.4186893340120801	26.5	0.2448918728106223	-0.02185174944050539	2.8304213308702324	24.083333333333332	28.833333333333332	0.055501929562129515	0.03719856103454866	23.50693370850847	23.416666666666668	23.416666666666668	28.916666666666668	FALSE
158	F3	plate_2	1	0	0	0.07200000000000001	0.07200000000000001	0.524	13.566416666666665		0.07200000000000001	9.091445246342428e-07	2.0218500089097997	1.8632494588693556	0.19318144408755078	0.1766232221526436	46.25	0.03727443040376121	-0.005422780376802408	18.595781962371788	34.5	47.083333333333336	0.0008390800516586694	0.0007034765978062296	33.16913731642691	30.583333333333332	28.916666666666668	47.166666666666664	FALSE
159	F4	plate_2	1	0	0	0.07200000000000001	0.07200000000000001	0.539	13.609		0.07200000000000001	7.423045336207441e-07	0.33365569113037624	0.32736408461646743	0.10254757990099295	0.0976234837804372	15.75	0.042684427665283756	0.03348903751671841	16.238877231653692	15.25	15.75	0.0	0.0	13.421122211576561	0.4166666666666667	0.4166666666666667	15.833333333333334	FALSE
159	F4	plate_2	1	0	0	0.07200000000000001	0.07200000000000001	0.539	13.609		0.07200000000000001	7.423045336207441e-07	0.5679707204462959	0.49251587374030564	0.5562474696141084	0.4422774552787851	19.0	0.2543454245930449	0.2141747034577171	2.7252197741279893	18.583333333333332	19.0	0.0	0.0	17.235005391063062	15.833333333333334	15.833333333333334	19.083333333333332	FALSE
159	F4	plate_2	1	0	0	0.07200000000000001	0.07200000000000001	0.539	13.609		0.07200000000000001	7.423045336207441e-07	0.3897468520338581	0.3334479022870334	0.5042184582297058	0.4082734664621901	20.583333333333332	0.38348334385280697	0.10893703382241998	1.8075027029752746	19.833333333333332	20.583333333333332	0.0	0.0	19.283803214679608	19.083333333333332	19.083333333333332	20.666666666666668	FALSE
159	F4	plate_2	1	0	0	0.07200000000000001	0.07200000000000001	0.539	13.609		0.07200000000000001	7.423045336207441e-07	0.057484987663076706	0.0552710546027428	0.11013742183029063	0.10448381111194027	21.583333333333332	0.1465347188012038	0.04209488212147163	4.730259055536885	21.083333333333332	21.583333333333332	0.0	0.0	20.73774395356774	20.666666666666668	20.666666666666668	21.666666666666668	FALSE
159	F4	plate_2	1	0	0	0.07200000000000001	0.07200000000000001	0.539	13.609		0.07200000000000001	7.423045336207441e-07	0.5089452466546549	0.43315089458246164	0.564603011033731	0.4476321247420847	23.833333333333332	0.2937393145705761	0.21633649411384792	2.3597358139589595	22.666666666666668	23.833333333333332	0.0	0.0	22.119790390525047	21.666666666666668	21.666666666666668	23.916666666666668	FALSE
159	F4	plate_2	1	0	0	0.07200000000000001	0.07200000000000001	0.539	13.609		0.07200000000000001	7.423045336207441e-07	1.4031008937923002	1.2253569023563258	0.34155984753229696	0.2938330022867215	26.166666666666668	0.24620616867757988	-0.024253313324818705	2.815311997595229	24.5	28.916666666666668	0.05566582284512234	0.042378786797588885	23.957674308274594	23.916666666666668	23.916666666666668	29.0	FALSE
159	F4	plate_2	1	0	0	0.07200000000000001	0.07200000000000001	0.539	13.609		0.07200000000000001	7.423045336207441e-07	2.2445317159899663	2.0424954679737626	0.23616977392223637	0.21201770714507795	47.083333333333336	0.036890336509242165	-0.0013119168422738416	18.78939706571369	35.0	47.083333333333336	0.0	0.0	33.47595056997258	31.0	29.0	47.166666666666664	FALSE
160	F5	plate_2	1	0	0	0.073	0.073	0.494	8.901666666666666		0.073	2.7447819618150595e-07	7.588921920434854	6.093440236444486	1.1323255731384627	0.7572132024960023	29.833333333333332	0.07941886241416392	0.07279187233024029	8.727739978762605	28.333333333333332	29.833333333333332	0.0	0.0	20.23869926024785	0.4166666666666667	0.4166666666666667	29.916666666666668	FALSE
160	F5	plate_2	1	0	0	0.073	0.073	0.494	8.901666666666666		0.073	2.7447819618150595e-07	4.817682986728118	3.490384461222557	1.4376301122380801	0.8910263018449619	38.416666666666664	0.151840442232346	0.07002286949612277	4.564970770430796	36.333333333333336	38.416666666666664	0.0	0.0	32.0178522887204	29.916666666666668	29.916666666666668	38.5	FALSE
160	F5	plate_2	1	0	0	0.073	0.073	0.494	8.901666666666666		0.073	2.7447819618150595e-07	1.8914953512374146	1.6899350270379925	0.2833661924781574	0.24948646383222717	44.833333333333336	0.09274731369301055	-0.01384470819421278	7.473501419720159	39.75	46.083333333333336	0.026413098891555187	0.020795851080603	38.657344119462884	38.5	38.5	47.166666666666664	FALSE
161	F6	plate_2	1	0	0	0.07200000000000001	0.07200000000000001	0.469	7.538416666666666		0.07200000000000001	4.3610563547051325e-07	0.5503012113984738	0.5279145146275437	0.13910859976061363	0.13024602650511058	14.416666666666666	0.02253342160341511	0.015097765857221127	30.760849051654613	10.833333333333334	14.416666666666666	0.0	0.0	7.944584978600046	0.4166666666666667	0.4166666666666667	14.5	FALSE
161	F6	plate_2	1	0	0	0.07200000000000001	0.07200000000000001	0.469	7.538416666666666		0.07200000000000001	4.3610563547051325e-07	1.6594789735786617	1.498014351235827	0.3896706420592537	0.3290667709071399	25.833333333333332	0.048474701188450035	0.047252560161324654	14.299153240063706	25.083333333333332	25.833333333333332	0.0	0.0	19.036721923584487	14.5	14.5	25.916666666666668	FALSE
161	F6	plate_2	1	0	0	0.07200000000000001	0.07200000000000001	0.469	7.538416666666666		0.07200000000000001	4.3610563547051325e-07	1.0042397085708457	0.8964182193995609	0.393383865171008	0.3317352240800727	31.5	0.0658426245433742	0.060007178629707114	10.527332185905358	30.0	31.5	0.0	0.0	26.40007069000922	25.916666666666668	25.916666666666668	31.583333333333332	FALSE
161	F6	plate_2	1	0	0	0.07200000000000001	0.07200000000000001	0.469	7.538416666666666		0.07200000000000001	4.3610563547051325e-07	0.22220330252487977	0.21045632977003367	0.17041222442135973	0.15735601532179544	34.166666666666664	0.06257894234856022	0.058360482307272386	11.07636458122231	32.833333333333336	34.166666666666664	0.0	0.0	31.61237832807977	31.583333333333332	31.583333333333332	34.25	FALSE
161	F6	plate_2	1	0	0	0.07200000000000001	0.07200000000000001	0.469	7.538416666666666		0.07200000000000001	4.3610563547051325e-07	0.16397005715278512	0.15655014700766356	0.1440654817488718	0.13458813061047226	36.5	0.0612209402351318	0.0583930434944257	11.322060358723157	35.5	36.5	0.0	0.0	34.28255486652079	34.25	34.25	36.583333333333336	FALSE
161	F6	plate_2	1	0	0	0.07200000000000001	0.07200000000000001	0.469	7.538416666666666		0.07200000000000001	4.3610563547051325e-07	1.9552790819356045	1.6081564189754065	0.7636060593813259	0.567360610298264	42.833333333333336	0.12123010999150739	0.09164079829485804	5.717615702967709	41.083333333333336	42.833333333333336	0.0	0.0	37.93776326617937	36.583333333333336	36.583333333333336	42.916666666666664	FALSE
161	F6	plate_2	1	0	0	0.07200000000000001	0.07200000000000001	0.469	7.538416666666666		0.07200000000000001	4.3610563547051325e-07	0.6204138104824051	0.5718851904043444	0.21466216918863656	0.19446598807892457	46.916666666666664	0.09188752434833496	-0.0125083978981437	7.543430791891885	43.333333333333336	47.083333333333336	0.0010183613130241298	0.0008387422197557726	42.9178241764353	42.916666666666664	42.916666666666664	47.166666666666664	FALSE
162	F7	plate_2	1	0	0	0.071	0.071	0.48100000000000004	8.54625		0.071	5.684857836248337e-07	2.430285452945933	2.201473217027274	0.3877134890055851	0.3276574207522726	21.333333333333332	0.03710564546356476	0.034813636844888765	18.680369844005785	20.166666666666668	21.333333333333332	0.0	0.0	12.469161551357644	0.4166666666666667	0.4166666666666667	21.416666666666668	FALSE
162	F7	plate_2	1	0	0	0.071	0.071	0.48100000000000004	8.54625		0.071	5.684857836248337e-07	2.0382075286586643	1.7501686452284417	0.5864248153066776	0.461482940629269	29.916666666666668	0.07117338254371808	0.07070181295692227	9.738853989891254	29.166666666666668	29.916666666666668	0.0	0.0	23.430682857207486	21.416666666666668	21.416666666666668	30.0	FALSE
162	F7	plate_2	1	0	0	0.071	0.071	0.48100000000000004	8.54625		0.071	5.684857836248337e-07	19.526124862654	11.886362191548244	2.0405887360712613	1.1120511598491731	46.416666666666664	0.11735735964960192	-0.028418519061636064	5.906294949285666	38.416666666666664	47.083333333333336	0.025452924654639553	0.008406285438553596	31.80714560672475	30.0	30.0	47.166666666666664	FALSE
163	F8	plate_2	1	0	0	0.071	0.071	0.467	9.171750000000001		0.071	1.0150871846382814e-06	7.962659891912818	6.200845111357392	1.3508054118916748	0.8547579979026257	29.083333333333332	0.09165330088258124	0.08290542396051671	7.562708313669456	26.583333333333332	29.083333333333332	0.0	0.0	19.629455421499454	0.4166666666666667	0.4166666666666667	29.166666666666668	FALSE
163	F8	plate_2	1	0	0	0.071	0.071	0.467	9.171750000000001		0.071	1.0150871846382814e-06	20.48506748766858	12.729281419015809	1.7542580375949264	1.013148091485545	47.083333333333336	0.13659168110422154	0.011042444942941872	5.074592939749116	35.25	47.083333333333336	0.0	0.0	30.869520551367806	29.166666666666668	29.166666666666668	47.166666666666664	FALSE
164	F9	plate_2	1	0	0	0.07400000000000001	0.071	0.45799999999999996	8.478083333333332		0.07400000000000001	1.7576613167482776e-06	1.9327744198599044	1.779137174551586	0.31369581791097323	0.27284440004529037	20.416666666666668	0.0312521850446281	0.031116517907094587	22.179158979448367	20.0	20.416666666666668	0.0	0.0	11.685421820533323	0.4166666666666667	0.4166666666666667	20.5	FALSE
164	F9	plate_2	1	0	0	0.07400000000000001	0.071	0.45799999999999996	8.478083333333332		0.07400000000000001	1.7576613167482776e-06	0.3104306747179151	0.2948495186179694	0.16602917473747403	0.15360410883094766	24.5	0.04334911067588661	0.04085235400601103	15.989882370193943	23.333333333333332	24.5	0.0	0.0	20.926292741338482	20.5	20.5	24.583333333333332	FALSE
164	F9	plate_2	1	0	0	0.07400000000000001	0.071	0.45799999999999996	8.478083333333332		0.07400000000000001	1.7576613167482776e-06	2.338760150424749	1.9252518592317038	0.7535478934920643	0.5616411033086841	32.166666666666664	0.08893317336839592	0.08110912579672602	7.794022796068	29.25	32.166666666666664	0.0	0.0	25.732440673881595	24.583333333333332	24.583333333333332	32.25	FALSE
164	F9	plate_2	1	0	0	0.07400000000000001	0.071	0.45799999999999996	8.478083333333332		0.07400000000000001	1.7576613167482776e-06	0.4129137907575776	0.3792562849913451	0.2785110511833697	0.24569615957828495	35.25	0.08311320526684825	0.07992375820267257	8.339796044858158	33.833333333333336	35.25	0.0	0.0	32.2700336296862	32.25	32.25	35.333333333333336	FALSE
164	F9	plate_2	1	0	0	0.07400000000000001	0.071	0.45799999999999996	8.478083333333332		0.07400000000000001	1.7576613167482776e-06	6.244168533912314	4.827361340179358	0.7917471216842287	0.5831911894634929	47.083333333333336	0.10763141654122446	-6.830641284905127e-05	6.440007971970335	38.0	47.083333333333336	0.0	0.0	35.71129197748951	35.333333333333336	35.333333333333336	47.166666666666664	FALSE
165	F10	plate_2	1	0	0	0.071	0.071	0.483	13.628333333333336		0.071	8.727624524565533e-07	3.625966956169893	2.822292671455409	1.1613963258314346	0.7707544599833064	16.416666666666668	0.13578182351927384	0.10818638936342106	5.104859859696575	14.333333333333334	16.416666666666668	0.0	0.0	10.534674969961763	0.4166666666666667	0.4166666666666667	16.5	FALSE
165	F10	plate_2	1	0	0	0.071	0.071	0.483	13.628333333333336		0.071	8.727624524565533e-07	1.2543558942694932	1.0618080433219095	0.5874534425852747	0.4621311238493111	20.833333333333332	0.11837545999162044	0.09013750525950538	5.855497250942144	18.083333333333332	20.833333333333332	0.0	0.0	16.569422169661376	16.5	16.5	20.916666666666668	FALSE
165	F10	plate_2	1	0	0	0.071	0.071	0.483	13.628333333333336		0.071	8.727624524565533e-07	19.631101112792294	14.351142913594787	0.9477270010584209	0.6666630522055392	45.25	0.13162435129229452	-0.013669833110644077	5.266101399585953	23.833333333333332	47.083333333333336	0.014833610626372007	0.007645005889301615	21.482177474768104	20.916666666666668	20.916666666666668	47.166666666666664	FALSE
166	F11	plate_2	1	0	0	0.071	0.071	0.48100000000000004	13.683666666666666		0.071	9.988423700434833e-07	3.649372523722807	2.801795295997342	1.2116363535138928	0.7937326729997782	16.416666666666668	0.139376615308765	0.11459805757322568	4.973195675791068	14.166666666666666	16.416666666666668	0.0	0.0	10.526542086423552	0.4166666666666667	0.4166666666666667	16.5	FALSE
166	F11	plate_2	1	0	0	0.071	0.071	0.48100000000000004	13.683666666666666		0.071	9.988423700434833e-07	1.5106468607850165	1.258510501505837	0.6513078035376947	0.5015675821691505	21.166666666666668	0.1202926151780131	0.08587760027373649	5.762175670835675	17.916666666666668	21.166666666666668	0.0	0.0	16.53595446569216	16.5	16.5	21.25	FALSE
166	F11	plate_2	1	0	0	0.071	0.071	0.48100000000000004	13.683666666666666		0.071	9.988423700434833e-07	16.747399706483325	12.690913274821385	0.8129671584089295	0.5949648171072266	45.833333333333336	0.12429598762192307	-0.01164042655748321	5.5765853252505915	23.666666666666668	47.083333333333336	0.009908535663375684	0.00548035941264402	21.673521874070033	21.25	21.25	47.166666666666664	FALSE
167	F12	plate_2	1	0	0	0.071	0.071	0.483	13.848416666666667		0.071	7.952608524243099e-07	3.2583917345548854	2.5779371628784844	1.086398147512663	0.7354392048628504	15.833333333333334	0.1370784348030463	0.11218662000968818	5.056573497909107	13.916666666666666	15.833333333333334	0.0	0.0	10.307504995871502	0.4166666666666667	0.4166666666666667	15.916666666666666	FALSE
167	F12	plate_2	1	0	0	0.071	0.071	0.483	13.848416666666667		0.071	7.952608524243099e-07	2.4450809558675974	1.936269676978096	0.8973161225748221	0.6404403204931375	21.666666666666668	0.122707360251591	0.08772223409314298	5.648782429503515	17.5	21.666666666666668	0.0	0.0	15.989364580099348	15.916666666666666	15.916666666666666	21.75	FALSE
167	F12	plate_2	1	0	0	0.071	0.071	0.483	13.848416666666667		0.071	7.952608524243099e-07	14.062345092827524	11.03678648376887	0.6854433937531179	0.5220286708818671	45.5	0.12767781874432707	-0.01654529306212652	5.428877054580343	23.666666666666668	47.083333333333336	0.010420946502941897	0.006202104351245907	22.08113411696363	21.75	21.75	47.166666666666664	FALSE
168	G1	plate_2	1	0	0	0.071	0.071	0.47700000000000004	13.615833333333333		0.071	1.05611243020602e-06	3.059743594207776	2.4081941479764906	1.0512757312808358	0.7184619075388964	16.083333333333332	0.13098342315216038	0.10819895763767805	5.291869489124073	14.0	16.083333333333332	0.0	0.0	10.429220272189026	0.4166666666666667	0.4166666666666667	16.166666666666668	FALSE
168	G1	plate_2	1	0	0	0.071	0.071	0.47700000000000004	13.615833333333333		0.071	1.05611243020602e-06	0.8362494932836765	0.7249026061917145	0.5019344764545939	0.4067539281923733	19.666666666666668	0.12297357954414292	0.11083992791038337	5.636553665668741	18.0	19.666666666666668	0.0	0.0	16.27694368426299	16.166666666666668	16.166666666666668	19.75	FALSE
168	G1	plate_2	1	0	0	0.071	0.071	0.47700000000000004	13.615833333333333		0.071	1.05611243020602e-06	0.3625796930485069	0.3310292726354742	0.29501965345413894	0.258525871448803	22.166666666666668	0.11163700690574525	0.09632655231251011	6.208937338719293	20.5	22.166666666666668	0.0	0.0	19.75332193357626	19.75	19.75	22.25	FALSE
168	G1	plate_2	1	0	0	0.071	0.071	0.47700000000000004	13.615833333333333		0.071	1.05611243020602e-06	12.770134643525278	10.182658507522046	0.630946050427198	0.4891602454873851	45.25	0.12411242279947905	-0.014272901138663783	5.5848332094831585	23.916666666666668	47.083333333333336	0.013963075512699374	0.008598193757677564	22.45293073924244	22.25	22.25	47.166666666666664	FALSE
169	G2	plate_2	1	0	0	0.071	0.071	0.48200000000000004	13.663499999999999		0.071	1.0278276296431378e-06	2.8617072112132336	2.314478510904468	0.9409245546961502	0.6631644341352809	15.833333333333334	0.12465592113724241	0.09594888311446802	5.560483402924849	13.833333333333334	15.833333333333334	0.0	0.0	10.305392208440466	0.4166666666666667	0.4166666666666667	15.916666666666666	FALSE
169	G2	plate_2	1	0	0	0.071	0.071	0.48200000000000004	13.663499999999999		0.071	1.0278276296431378e-06	0.8284777849522583	0.7190591031861426	0.5057825641629898	0.40931273924809874	19.5	0.12448346738788332	0.11832059050442743	5.568186644417114	18.166666666666668	19.5	0.0	0.0	16.179597097872662	15.916666666666666	15.916666666666666	19.583333333333332	FALSE
169	G2	plate_2	1	0	0	0.071	0.071	0.48200000000000004	13.663499999999999		0.071	1.0278276296431378e-06	0.4189612497297439	0.378702604785287	0.33160927885062463	0.28638819489107914	22.083333333333332	0.11941515656664138	0.10277355630611197	5.804515946626292	20.416666666666668	22.083333333333332	0.0	0.0	19.58748671916072	19.583333333333332	19.583333333333332	22.166666666666668	FALSE
169	G2	plate_2	1	0	0	0.071	0.071	0.48200000000000004	13.663499999999999		0.071	1.0278276296431378e-06	14.043206468092292	10.995832166608876	0.6906379371493703	0.5251059353114131	45.333333333333336	0.12854115028419177	-0.019990776580895195	5.392414639416758	23.916666666666668	47.083333333333336	0.011930704489828248	0.007081942486024673	22.36261230216696	22.166666666666668	22.166666666666668	47.166666666666664	FALSE
175	G8	plate_2	1	0	0	0.073	0.073	0.501	12.798499999999999		0.073	1.9295889921279566e-06	0.7824641164437992	0.7049506754756834	0.4816543738200829	0.3931592836289763	18.666666666666668	0.1966561452773064	0.1966561452773064	3.5246657539357993	18.666666666666668	18.666666666666668	0.0	0.0	16.667444709607665	0.4166666666666667	0.4166666666666667	18.75	FALSE
175	G8	plate_2	1	0	0	0.073	0.073	0.501	12.798499999999999		0.073	1.9295889921279566e-06	1.130592658747368	0.9054569316722666	0.7774655152237406	0.5751884817890545	21.583333333333332	0.2656540341804585	0.07971556263783848	2.60921006789263	20.166666666666668	21.583333333333332	0.0	0.0	18.96779675002935	18.75	18.75	21.666666666666668	FALSE
175	G8	plate_2	1	0	0	0.073	0.073	0.501	12.798499999999999		0.073	1.9295889921279566e-06	0.5265725037966458	0.4522873862471216	0.5570356544006598	0.44278379201206264	24.0	0.24309050944447164	0.23102412974009884	2.8513954828758075	23.25	24.0	0.0	0.0	22.15890683674207	21.666666666666668	21.666666666666668	24.083333333333332	FALSE
175	G8	plate_2	1	0	0	0.073	0.073	0.501	12.798499999999999		0.073	1.9295889921279566e-06	1.2456166138334541	1.072095591061165	0.3777978190128992	0.3204864412267283	26.583333333333332	0.23102669266988596	-0.018153839527330486	3.0002904536679806	24.25	28.166666666666668	0.013106514268210523	0.009558188535847778	24.083381732091365	24.083333333333332	24.083333333333332	28.25	FALSE
175	G8	plate_2	1	0	0	0.073	0.073	0.501	12.798499999999999		0.073	1.9295889921279566e-06	1.4079933017383603	1.3143111641399694	0.17503702091996565	0.16129965426571014	47.083333333333336	0.025008581802441313	0.0017738358080714703	27.71637296491083	33.583333333333336	47.083333333333336	0.0	0.0	33.60089063434557	30.666666666666668	28.25	47.166666666666664	FALSE
176	G9	plate_2	1	0	0	0.07200000000000001	0.07200000000000001	0.507	12.85683333333333		0.07200000000000001	3.403848527313061e-06	4.086003897196638	2.885072493395945	1.700865302364766	0.993572204024103	21.666666666666668	0.25090031538373914	0.12559916582264263	2.762639734030674	19.5	21.666666666666668	0.0	0.0	17.20154372435628	0.4166666666666667	0.4166666666666667	21.75	FALSE
176	G9	plate_2	1	0	0	0.07200000000000001	0.07200000000000001	0.507	12.85683333333333		0.07200000000000001	3.403848527313061e-06	29.91047702121835	19.295840437516787	1.5538300301708419	0.937594204953655	46.833333333333336	0.25296769529561913	-0.004726480132930117	2.7400620452739255	23.916666666666668	47.083333333333336	0.0013880225867151097	0.0005436540045806737	22.294612363041264	21.75	21.75	47.166666666666664	FALSE
177	G10	plate_2	1	0	0	0.073	0.07200000000000001	0.508	12.891		0.073	3.227171031588051e-06	3.8468093117109676	2.7308821228020648	1.6262294297063824	0.9655491405738643	21.583333333333332	0.24169363371355926	0.12770142374379986	2.8678752100745095	19.416666666666668	21.583333333333332	0.0	0.0	17.104670164755408	0.4166666666666667	0.4166666666666667	21.666666666666668	FALSE
177	G10	plate_2	1	0	0	0.073	0.07200000000000001	0.508	12.891		0.073	3.227171031588051e-06	31.357326775715897	19.94151340983735	1.6169864887831351	0.9620234606700022	47.083333333333336	0.2521767791496322	0.0017002955971524092	2.748655855219159	23.916666666666668	47.083333333333336	0.0	0.0	22.22691425108523	21.666666666666668	21.666666666666668	47.166666666666664	FALSE
178	G11	plate_2	1	0	0	0.073	0.073	0.519	12.976583333333334		0.073	2.5769552971549164e-06	3.8196061182047143	2.752480431524394	1.5988908942296636	0.9550847748742338	21.583333333333332	0.2308712839143066	0.13864880193964088	3.0023100699575243	19.583333333333332	21.583333333333332	0.0	0.0	17.071606589481537	0.4166666666666667	0.4166666666666667	21.666666666666668	FALSE
178	G11	plate_2	1	0	0	0.073	0.073	0.519	12.976583333333334		0.073	2.5769552971549164e-06	4.228362876309546	2.954720700789556	1.254525570462357	0.8129395607806867	26.75	0.2506972113262185	-0.01610013925422362	2.7648779054745485	23.916666666666668	27.416666666666668	0.015872679765394526	0.007065263901797403	22.20347018530253	21.666666666666668	21.666666666666668	27.5	FALSE
178	G11	plate_2	1	0	0	0.073	0.073	0.519	12.976583333333334		0.073	2.5769552971549164e-06	1.7118323306369823	1.568921323619881	0.20725066088859045	0.18834559320444821	47.083333333333336	0.02964986090651055	-0.00041769058140069573	23.377754882072423	34.833333333333336	47.083333333333336	0.0	0.0	33.86453429854928	31.25	27.5	47.166666666666664	FALSE
179	G12	plate_2	1	0	0	0.073	0.073	0.528	12.896333333333331		0.073	2.33755982988645e-06	3.5570654348618214	2.6228575291301044	1.5113855127957527	0.9208345979791003	21.583333333333332	0.21356791060666783	0.16258698358989027	3.2455586543454458	19.666666666666668	21.583333333333332	0.0	0.0	17.06311793537757	0.4166666666666667	0.4166666666666667	21.666666666666668	FALSE
179	G12	plate_2	1	0	0	0.073	0.073	0.528	12.896333333333331		0.073	2.33755982988645e-06	4.656375962862733	3.2066793893888126	1.328740492632853	0.8453275603200038	26.833333333333332	0.24092673799657477	-0.019813571887844408	2.877003965287571	23.916666666666668	27.583333333333332	0.0214500736063874	0.009253703040761119	22.065518111228283	21.666666666666668	21.666666666666668	27.666666666666668	FALSE
179	G12	plate_2	1	0	0	0.073	0.073	0.528	12.896333333333331		0.073	2.33755982988645e-06	1.6688253244608582	1.5148630204952307	0.2286309383786178	0.20590049124621035	47.083333333333336	0.032854430825084456	0.007525150960473802	21.097525148136956	36.25	47.083333333333336	0.0	0.0	34.656350152781	31.75	27.666666666666668	47.166666666666664	FALSE
185	H6	plate_2	1	0	0	0.07400000000000001	0.073	0.514	13.915083333333332		0.07400000000000001	1.191195170199478e-06	2.6540245916513503	2.1363507232081025	0.9045703868779982	0.644256464446285	16.833333333333332	0.11377562493937123	0.09925294014165253	6.092229165335806	14.416666666666666	16.833333333333332	0.0	0.0	11.019974434051475	0.4166666666666667	0.4166666666666667	16.916666666666668	FALSE
185	H6	plate_2	1	0	0	0.07400000000000001	0.073	0.514	13.915083333333332		0.07400000000000001	1.191195170199478e-06	0.6348117411740368	0.5634929625519571	0.4129095702040142	0.34565110321421477	20.166666666666668	0.11085877634949343	0.11052835077828126	6.252524187843543	19.583333333333332	20.166666666666668	0.0	0.0	17.047969360381618	16.916666666666668	16.916666666666668	20.25	FALSE
185	H6	plate_2	1	0	0	0.07400000000000001	0.073	0.514	13.915083333333332		0.07400000000000001	1.191195170199478e-06	4.5865787592270655	3.347485362726221	1.153132858038438	0.7669239248101789	27.666666666666668	0.1496521729028428	0.020511584382000656	4.631721458598202	23.5	27.666666666666668	0.0	0.0	20.743813798771058	20.25	20.25	27.75	FALSE
185	H6	plate_2	1	0	0	0.07400000000000001	0.073	0.514	13.915083333333332		0.07400000000000001	1.191195170199478e-06	2.1905527605451303	2.060631826477617	0.17447988614640475	0.1608253995094855	46.333333333333336	0.02689771841031465	-0.007069486171039097	25.769738904476725	29.416666666666668	47.083333333333336	0.0028293141014470446	0.002411899528553363	27.956898760779925	27.75	27.75	47.166666666666664	FALSE
186	H7	plate_2	1	0	0	0.07400000000000001	0.073	0.507	13.835833333333332		0.07400000000000001	9.057797436770428e-07	2.9049487147624866	2.332281868938587	0.9342826130159663	0.6597365151122987	16.583333333333332	0.11107494258044977	0.09585819985389817	6.240355965594222	14.0	16.583333333333332	0.0	0.0	10.47252324417542	0.4166666666666667	0.4166666666666667	16.666666666666668	FALSE
186	H7	plate_2	1	0	0	0.07400000000000001	0.073	0.507	13.835833333333332		0.07400000000000001	9.057797436770428e-07	56.00564533674732	30.130899259724757	2.530915069595327	1.261557063866075	46.583333333333336	0.1533544691026637	-0.005227984769360649	4.519902058386805	23.166666666666668	47.083333333333336	0.004164265209019469	0.0011800688121610392	18.243775555873494	16.666666666666668	16.666666666666668	47.166666666666664	FALSE
187	H8	plate_2	1	0	0	0.07400000000000001	0.073	0.498	13.957749999999997		0.07400000000000001	1.106193060964155e-06	1.8485585238397364	1.5509158248849042	0.7055981828460933	0.5339158895843258	14.833333333333334	0.11037958988086521	0.0963615427262468	6.279668019314732	12.916666666666666	14.833333333333334	0.0	0.0	9.870242086096024	0.4166666666666667	0.4166666666666667	14.916666666666666	FALSE
187	H8	plate_2	1	0	0	0.07400000000000001	0.073	0.498	13.957749999999997		0.07400000000000001	1.106193060964155e-06	0.2938048439869476	0.27184972643178135	0.25033588181775346	0.2234122206735677	17.25	0.09723967230162048	0.09228970779249136	7.1282344351174265	15.833333333333334	17.25	0.0	0.0	14.921774399110806	14.916666666666666	14.916666666666666	17.333333333333332	FALSE
187	H8	plate_2	1	0	0	0.07400000000000001	0.073	0.498	13.957749999999997		0.07400000000000001	1.106193060964155e-06	0.5358246363949444	0.47889596615790203	0.39404189114720567	0.33220736292497643	20.333333333333332	0.127440622065897	0.127440622065897	5.438981459157761	20.333333333333332	20.333333333333332	0.0	0.0	17.726571395580088	17.333333333333332	17.333333333333332	20.416666666666668	FALSE
187	H8	plate_2	1	0	0	0.07400000000000001	0.073	0.498	13.957749999999997		0.07400000000000001	1.106193060964155e-06	25.555532748359195	17.550844410128164	1.2041712141237473	0.7903515716327041	47.083333333333336	0.1533084673843213	-0.00039769716697437424	4.521258299597565	22.833333333333332	47.083333333333336	0.0	0.0	20.66178270766077	20.416666666666668	20.416666666666668	47.166666666666664	FALSE
188	H9	plate_2	1	0	0	0.073	0.07200000000000001	0.505	13.884416666666665		0.073	9.368284774976179e-07	3.590715561022734	2.746259138740769	1.1727293861127976	0.7759841588265199	17.416666666666668	0.13008583241939026	0.10291385243864702	5.328383327134913	14.833333333333334	17.416666666666668	0.0	0.0	11.217485308417531	0.4166666666666667	0.4166666666666667	17.5	FALSE
188	H9	plate_2	1	0	0	0.073	0.07200000000000001	0.505	13.884416666666665		0.073	9.368284774976179e-07	0.49843169916281627	0.4475140467203843	0.3627957159315325	0.3095382632214626	20.333333333333332	0.11433722987457084	0.10552049591352232	6.062305176715713	19.083333333333332	20.333333333333332	0.0	0.0	17.58458209539228	17.5	17.5	20.416666666666668	FALSE
188	H9	plate_2	1	0	0	0.073	0.07200000000000001	0.505	13.884416666666665		0.073	9.368284774976179e-07	27.06908791777807	18.209111047619277	1.2995370254579353	0.8327078093937341	46.833333333333336	0.1336211096096802	-0.005556350358532049	5.187407757536913	22.416666666666668	47.083333333333336	0.0015352783929234448	0.0006678697128847944	20.639384533269205	20.416666666666668	20.416666666666668	47.166666666666664	FALSE
189	H10	plate_2	1	0	0	0.073	0.073	0.499	14.047583333333332		0.073	1.3480253468226014e-06	3.870030045613986	2.9657288210824753	1.1570992305681855	0.7687643703211386	16.833333333333332	0.1202647733435223	0.09477403828974491	5.76350964035039	13.583333333333334	16.833333333333332	0.0	0.0	10.094846610535102	0.4166666666666667	0.4166666666666667	16.916666666666668	FALSE
189	H10	plate_2	1	0	0	0.073	0.073	0.499	14.047583333333332		0.073	1.3480253468226014e-06	48.43534054475501	27.65860557196836	2.1248713344447014	1.139393109363039	46.833333333333336	0.14254024551233704	-0.001917815092373234	4.862817361290096	22.0	47.083333333333336	0.0007145935568448891	0.00022870550471054685	17.807836077419147	16.916666666666668	16.916666666666668	47.166666666666664	FALSE
