Sample_ID	Well	Plate_ID	Group	Control	Flag	OD_Baseline	OD_Min	OD_Max	OD_Emp_AUC	Fold_Change	OD_Offset	auc_lin	auc_log	k_lin	k_log	death_lin	death_log	gr	dr	td	lagC	lagP	t_k	t_gr	t_dr	diauxie	MSE	K_Error > 20%
96	A1	plate_2	1	0	0	0.073	0.073	0.505	13.278333333333334		0.073	9.861091947779407	49.1244267277848	0.43179860388987207	1.9336240001688836	0.0005146828772709666	0.001020178429868679	0.2982496111540263	-0.008219923619333188	2.3240505758848427	18.729245325835773	0.4166666666666667	46.916666666666664	23.666666666666668	47.166666666666664	1.0	2.5966698191134393e-06	FALSE
97	A2	plate_2	1	0	0	0.073	0.073	0.508	13.265166666666666		0.073	9.84628255629058	48.90920343138226	0.43415279192739686	1.9383435243264913	0.00035446856120935344	0.0006991893167338503	0.2810683170130514	-0.00612532890751742	2.4661163802669335	18.54355788518332	0.4166666666666667	46.916666666666664	23.833333333333332	47.166666666666664	1.0	3.4014139780411512e-06	FALSE
98	A3	plate_2	1	0	0	0.07400000000000001	0.07400000000000001	0.519	13.5805		0.07400000000000001	10.114923844440364	49.64145559382763	0.44491093369801366	1.9476547994687827	0.00028973205413918013	0.0005585092455167029	0.28417755331570577	-0.005303637929689462	2.4391341697206346	18.218597052226876	0.4166666666666667	46.916666666666664	23.5	47.166666666666664	1.0	2.7101537646811004e-06	FALSE
99	A4	plate_2	1	0	0	0.07200000000000001	0.07200000000000001	0.535	13.185666666666666		0.07200000000000001	9.81814014324482	48.88328184253913	0.4628678826082053	2.005157817459043	0.00013050557687710462	0.0002440734823938584	0.26513573049160527	-0.003893067998677627	2.6143107127611067	18.57326712752962	0.4166666666666667	47.0	24.333333333333332	47.166666666666664	1.0	5.1480925253086814e-06	FALSE
100	A5	plate_2	1	0	0	0.071	0.071	0.496	16.651666666666667		0.071	13.331500469573138	65.80110750599147	0.4230922022359188	1.939823297554483	0.00024038957681943307	0.00048675276022436265	0.23142878525356128	-0.003216385193397186	2.995077642569439	8.265897587045231	0.4166666666666667	46.75	10.583333333333334	47.166666666666664	1.0	9.96839315972802e-07	FALSE
101	A6	plate_2	1	0	0	0.071	0.071	0.484	16.699083333333334		0.071	13.37121831322072	66.02080713989903	0.41017841806494115	1.9136756801821209	0.0035735485876580153	0.007453496562303208	0.24523317916982035	-0.007973986883939905	2.8264820564102835	8.22625200202886	0.4166666666666667	29.916666666666668	10.416666666666666	31.0	1.0	8.007993695499934e-07	FALSE
102	A7	plate_2	1	0	0	0.071	0.071	0.489	16.778333333333332		0.071	13.452518179429969	66.10545034488182	0.41629255630352635	1.9262106053485215	0.003403033721857074	0.007007871315205305	0.25110928629741647	-0.015894204753164384	2.7603406898260805	8.332093309662666	0.4166666666666667	26.916666666666668	10.416666666666666	28.666666666666668	1.0	9.954964958055823e-07	FALSE
103	A8	plate_2	1	0	0	0.07200000000000001	0.07200000000000001	0.49	16.871166666666664		0.07200000000000001	13.501647836835682	65.95326295841986	0.4159682642260335	1.9134731744686357	0.008102895467247073	0.016746664349839513	0.24523669854485639	-0.005063012458764091	2.8264414937602065	8.223488619903357	0.4166666666666667	32.833333333333336	10.416666666666666	34.0	1.0	8.481539194318345e-07	FALSE
104	A9	plate_2	1	0	0	0.071	0.071	0.496	16.82991666666667		0.071	13.4961997550961	65.87427592483401	0.422297170741019	1.9387989807618418	0.0017228847756925458	0.0034974170176944597	0.2441032528721591	-0.005089070027902244	2.8395655215744213	8.63923266315102	0.4166666666666667	42.25	10.833333333333334	47.166666666666664	1.0	9.813344353508865e-07	FALSE
105	A10	plate_2	1	0	0	0.071	0.071	0.49	13.636083333333332		0.071	10.311791012266532	54.03710788808951	0.4169506175502207	1.9274941199473687	0.0010468861636124815	0.0021478669276007167	0.14039224210685858	-0.011975944165848658	4.937218539699374	11.830888384923448	0.4166666666666667	46.666666666666664	18.916666666666668	47.166666666666664	1.0	5.6784472790382e-07	FALSE
106	A11	plate_2	1	0	0	0.071	0.071	0.493	13.56925		0.071	10.244043538660389	53.94798503679334	0.4202462647929849	1.9342650958798515	0.001052495379954832	0.00214480022205521	0.14273072327336012	-0.009848979725865122	4.85632780850146	12.911725185061721	0.4166666666666667	46.583333333333336	23.75	47.166666666666664	1.0	6.998549870093428e-07	FALSE
107	A12	plate_2	1	0	0	0.07	0.07	0.48100000000000004	13.21733333333333		0.07	9.94016840589862	53.47222963948253	0.40992866294990876	1.925086151083832	0.00023706365023928866	0.0004941057682543715	0.13539215687105183	-0.0033628641600080235	5.119551948789043	12.280433661984254	0.4166666666666667	46.833333333333336	22.916666666666668	47.166666666666664	1.0	1.1516757352046873e-06	FALSE
108	B1	plate_2	1	0	0	0.07	0.07	0.491	13.439583333333333		0.07	10.162235091400026	53.7518930658003	0.41904772255339773	1.9439192597236001	0.0	0.0	0.14220106461547832	0.0014568866187922235	4.874416253030622	12.23548300599742	0.4166666666666667	47.166666666666664	18.583333333333332	47.166666666666664	1.0	7.499880925816856e-07	FALSE
109	B2	plate_2	1	0	0	0.07200000000000001	0.07200000000000001	0.49200000000000005	13.572166666666666		0.07200000000000001	10.200296610666097	53.09542404512114	0.4181438444216359	1.9180247484107156	7.522717678742907e-05	0.00015349280855048164	0.1400913116150262	-0.0011855032948881465	4.9478241910157	12.535646203196876	0.4166666666666667	46.583333333333336	21.5	47.166666666666664	1.0	7.480959115242867e-07	FALSE
110	B3	plate_2	1	0	0	0.07	0.07	0.073	3.301166666666664		0.07	0.023397946524533888	0.3229355925469816	0.0029015315739377157	0.0404392913485901	0.0	0.0	0.008337039125256091	0.008337039125256091	83.1406894157587	42.3161087238493	0.4166666666666667	47.166666666666664	47.166666666666664	47.166666666666664	0.0	7.450194435896275e-08	FALSE
111	B4	plate_2	1	0	0	0.07	0.069	0.07400000000000001	3.291916666666665		0.07	0.013567185007527864	0.19059536398667448	0.004080835488505574	0.05666234661791182	0.0	0.0	0.012541902852387238	0.006890265274547222	55.266508496995016	42.41199105959751	0.4166666666666667	47.166666666666664	45.666666666666664	47.166666666666664	0.0	2.1467195768737204e-08	FALSE
112	B5	plate_2	1	0	0	0.07	0.07	0.071	3.2799999999999985		0.07	8.144397065900272e-08	0.02249901117363676	2.847198782296445e-09	0.00048042175609552676	0.0	0.0	1.448652739239318e-09	2.905381745535584e-10	478477113.1029747	-331605.00425330695	0.4166666666666667	47.166666666666664	0.4166666666666667	47.166666666666664	0.0	3.432454494558475e-08	TRUE
113	B6	plate_2	1	0	0	0.07	0.07	0.071	3.2849999999999984		0.07	0.0014105967199326943	0.09425611225250387	0.0009200123982615743	0.014626497177969891	0.0	0.0	0.0016823060389354373	0.0007754467671248798	412.02204861522614	37.637845659275605	0.4166666666666667	47.166666666666664	42.75	47.166666666666664	0.0	5.509450339917079e-08	FALSE
114	B7	plate_2	1	0	0	0.069	0.069	0.073	3.25575		0.069	-0.013916257227120754	0.34607893361010406	0.002786775574337888	0.05086084966768699	0.0	0.0	0.007075666088825085	0.0035081679578319487	97.96211011916795	39.61857687218475	0.4166666666666667	47.166666666666664	44.75	47.166666666666664	0.0	9.335663352581643e-08	TRUE
115	B8	plate_2	1	0	0	0.07	0.07	0.502	13.118583333333333		0.07	9.82985228866659	50.20317996909108	0.42933916470736344	1.9652210292428514	0.00036556277942034754	0.000732045767420253	0.31674797800046184	-0.006396661396776693	2.1883239316493275	18.713915367100483	0.4166666666666667	46.916666666666664	23.333333333333332	47.166666666666664	1.0	3.796784378636795e-06	FALSE
116	B9	plate_2	1	0	0	0.071	0.071	0.508	13.132416666666666		0.071	9.804793537147546	49.60000846263473	0.434948160157662	1.963846020114783	0.0002465384735750309	0.00048735417122092173	0.3100607522287662	-0.004415478445355142	2.235520540982671	18.841590472534893	0.4166666666666667	46.916666666666664	23.583333333333332	47.166666666666664	1.0	3.249481169521181e-06	FALSE
117	B10	plate_2	1	0	0	0.07200000000000001	0.07200000000000001	0.502	13.170916666666665		0.07200000000000001	9.80688823983252	49.35050363402279	0.4282739282150927	1.938143877414653	0.0015559592470124617	0.0031161403935762166	0.3705204309779207	-0.03319319649329049	1.8707394319134047	19.442579553878357	0.4166666666666667	46.916666666666664	23.0	47.166666666666664	1.0	1.129490450865424e-06	FALSE
118	B11	plate_2	1	0	0	0.073	0.071	0.508	13.2325		0.073	9.819783036963523	48.708750471477565	0.4323988821056955	1.9346155832974112	0.00022045786657742816	0.00043641998669685655	0.3050005451137225	-0.003526089159049107	2.272609645013908	18.742669931251726	0.4166666666666667	46.916666666666664	23.416666666666668	47.166666666666664	1.0	3.540343203234849e-06	FALSE
119	B12	plate_2	1	0	0	0.07400000000000001	0.073	0.525	13.337750000000002		0.07400000000000001	9.906816512745424	48.67072309797062	0.4498598790369617	1.9557296721072248	0.00038208934410455253	0.0007306834284177555	0.30247196505288687	-0.006327837082493609	2.2916080187423296	18.758115419566636	0.4166666666666667	46.916666666666664	23.5	47.166666666666664	1.0	3.5548826787577105e-06	FALSE
120	C1	plate_2	1	0	0	0.07200000000000001	0.07200000000000001	0.502	17.066166666666668		0.07200000000000001	13.683606473647702	66.35059004899269	0.42923951930433235	1.9408660544708856	0.0107308180706287	0.02163125002303201	0.239863438695072	-0.01425153802578203	2.8897575400856037	8.175701000413735	0.4166666666666667	24.333333333333332	10.5	28.75	1.0	5.51213441037025e-07	FALSE
121	C2	plate_2	1	0	0	0.071	0.071	0.511	17.18091666666666		0.071	13.849843084799694	67.16350757014351	0.4389620178971854	1.971902235236874	0.044480366308178254	0.09124007781411203	0.25553038813841994	-0.011958598845271319	2.7125821927076235	8.284746287807524	0.4166666666666667	24.333333333333332	10.5	47.166666666666664	1.0	5.37989618732141e-07	FALSE
122	C3	plate_2	1	0	0	0.073	0.073	0.511	17.302416666666666		0.073	13.882297641454832	66.51619758700534	0.4375698945903146	1.9451206032887114	0.04567736427942959	0.09371612257210127	0.2468050950163817	-0.009425887311491719	2.808480029611778	8.023903486663365	0.4166666666666667	24.0	10.166666666666666	35.75	1.0	4.796124705352078e-07	FALSE
123	C4	plate_2	1	0	0	0.071	0.071	0.511	17.013499999999997		0.071	13.689942464992397	66.68581237897556	0.4389341605644889	1.9715329382746325	0.05232370724974911	0.1082712044256744	0.24998130222932652	-0.013351926514025935	2.772796102662389	8.28966246604652	0.4166666666666667	24.583333333333332	10.416666666666666	47.166666666666664	1.0	4.4155820641559083e-07	FALSE
124	C5	plate_2	1	0	0	0.07	0.07	0.508	17.01208333333333		0.07	13.734531289527418	67.44853997606653	0.43733290859676294	1.9806379995653316	0.051893246647205515	0.10790806371191763	0.24839898550255143	-0.010198391619116365	2.7904589833875373	8.091326623963353	0.4166666666666667	24.333333333333332	10.25	35.583333333333336	1.0	4.407237646044818e-07	FALSE
125	C6	plate_2	1	0	0	0.07	0.07	0.46799999999999997	13.402		0.07	10.121941997214197	54.3881408912029	0.39618517449101437	1.896165073716645	0.0004141627053299568	0.0008887341990089226	0.13328004769616905	-0.005405187045644557	5.20068226671162	11.020948060946516	0.4166666666666667	46.833333333333336	17.583333333333332	47.166666666666664	1.0	3.9946566752273915e-07	FALSE
126	C7	plate_2	1	0	0	0.071	0.071	0.462	13.415916666666666		0.071	10.097306181673355	54.03794586006168	0.38968083911581564	1.8697192985734148	0.000325507425426641	0.0007070454001194548	0.13731849708402272	-0.0021340637972097638	5.047733519365719	11.088109815543376	0.4166666666666667	46.5	17.833333333333332	47.166666666666664	1.0	5.408811704783906e-07	FALSE
127	C8	plate_2	1	0	0	0.07	0.07	0.46	13.309333333333333		0.07	10.014951634972423	54.22928091602188	0.38895502165676654	1.881201728947616	0.0	0.0	0.13401216887171954	0.008642167574588838	5.1722704467491045	10.986553879131492	0.4166666666666667	47.166666666666664	17.5	47.166666666666664	1.0	3.8544736977190185e-07	FALSE
128	C9	plate_2	1	0	0	0.07	0.07	0.469	13.559916666666664		0.07	10.280434629429568	54.74629040460969	0.39867774175907955	1.901470300981778	0.0002923350875677633	0.0006239076608736127	0.14052229352556767	-0.003693996551497473	4.932649212943773	11.279888647844668	0.4166666666666667	46.75	18.166666666666668	47.166666666666664	1.0	5.203600625760897e-07	FALSE
129	C10	plate_2	1	0	0	0.07	0.07	0.473	13.536916666666666		0.07	10.266187167339151	54.497748300817385	0.4013733521014017	1.9068089755788833	0.0001557561713214639	0.00033059965332427055	0.1400393023736359	-0.002259590262830364	4.949661765027749	11.555462277174176	0.4166666666666667	46.833333333333336	18.416666666666668	47.166666666666664	1.0	4.287370579915466e-07	FALSE
130	C11	plate_2	1	0	0	0.071	0.07	0.071	3.324916666666664		0.071	-3.838896514846378e-05	-0.0019936456269249135	0.0	-3.1023536804088794e-05	0.0	0.0	6.813983360998693e-07	-9.312292431872094e-07	1017242.2558694861	106.04444943163806	0.4166666666666667	0.4166666666666667	47.166666666666664	0.4166666666666667	0.0	5.314204531195455e-09	FALSE
131	C12	plate_2	1	0	0	0.07	0.07	0.071	3.278583333333332		0.07	-0.001679279909152019	0.0026260241834664	1.1932098466144181e-05	0.0007385105477968055	5.171483196980686e-05	0.000738510547797133	0.00019883930451727283	-0.0002537598334769384	3485.9666314098013	-2.4407328316887638	0.4166666666666667	1.9166666666666667	0.4166666666666667	4.0	0.0	4.987789674195752e-09	TRUE
132	D1	plate_2	1	0	0	0.07	0.07	0.071	3.2790833333333325		0.07	-0.004123845111286288	0.009916836815066561	3.573753942429092e-06	0.0015196877060794642	0.00010644115446156732	0.0015194326103871796	7.536960097786416e-05	-0.00022162003033947665	9196.641239529989	-19.070106337258338	0.4166666666666667	1.75	0.4166666666666667	7.083333333333333	0.0	1.4353153982036956e-08	TRUE
133	D2	plate_2	1	0	0	0.07	0.07	0.071	3.2796666666666656		0.07	-0.005507725828717805	0.018235622016378034	0.0	0.0020675399175554914	0.0	0.0	3.5065657390701897e-05	-0.00018603693752184642	19767.12350881926	23.928133680610806	0.4166666666666667	0.4166666666666667	24.083333333333332	8.166666666666666	0.0	2.5364776876480717e-08	TRUE
134	D3	plate_2	1	0	0	0.07	0.07	0.071	3.278999999999999		0.07	-0.003449651102477906	0.008870332151781762	0.0	0.0012409539030495307	0.0	0.0	2.889274062719829e-05	-0.00012800330073915037	23990.35763009095	38.684091424400656	12.666666666666666	0.4166666666666667	43.583333333333336	5.0	0.0	1.3359856548085883e-08	TRUE
135	D4	plate_2	1	0	0	0.07	0.069	0.52	13.462666666666667		0.07	10.180773884207944	50.74181982542928	0.44831078928280643	2.0022081941137913	0.0012110619559567715	0.0023389888803144743	0.2936110368393744	-0.010131096088700242	2.3607667750553425	18.378334750771366	0.4166666666666667	46.583333333333336	23.333333333333332	47.166666666666664	1.0	4.62887209883387e-06	FALSE
136	D5	plate_2	1	0	0	0.071	0.071	0.515	13.227833333333333		0.071	9.905819151362179	49.67201809874511	0.4429865680785349	1.9793700206162157	0.0007802319434992988	0.0015193778380826473	0.27879773433544525	-0.00816702783894979	2.4862009091005057	18.455039095197527	0.4166666666666667	46.75	23.666666666666668	47.166666666666664	1.0	3.812245545317005e-06	FALSE
137	D6	plate_2	1	0	0	0.071	0.071	0.515	13.339666666666664		0.071	10.013981174228878	50.16633899261141	0.44312784295681296	1.9797995882041093	0.0010159715277302528	0.001978047009487227	0.2896178546562457	-0.010536627650080123	2.393316466564736	16.921001031913672	0.4166666666666667	46.75	19.083333333333332	47.166666666666664	1.0	3.2347507335790244e-06	FALSE
138	D7	plate_2	1	0	0	0.07200000000000001	0.07200000000000001	0.523	13.128250000000001		0.07200000000000001	9.75968522936674	48.41852079033482	0.44968317582044215	1.9802390978067521	0.001027638399223818	0.001972100668614196	0.2885599981389781	-0.010193419490744959	2.4020903279397285	17.817822888059617	0.4166666666666667	46.666666666666664	20.0	47.166666666666664	1.0	3.7690667653441923e-06	FALSE
139	D8	plate_2	1	0	0	0.073	0.07200000000000001	0.512	13.35375		0.073	9.93588684217249	49.667276851521585	0.43852489554240187	1.946887923595753	0.0005781506076665277	0.00113094374356848	0.29709604082521945	-0.012994336256846229	2.3330744449998284	16.834284495612827	0.4166666666666667	47.0	19.333333333333332	47.166666666666664	1.0	2.1126035311226462e-06	FALSE
140	D9	plate_2	1	0	0	0.076	0.076	0.515	17.254166666666666		0.076	13.679236534765606	64.31073291600039	0.4385551020839132	1.913214134486035	0.018210497240886803	0.03600854425003264	0.21575708225293316	-0.010176249140598398	3.2126277076150167	8.537555660031657	0.4166666666666667	24.666666666666668	14.0	25.583333333333332	1.0	7.694130165291745e-07	FALSE
141	D10	plate_2	1	0	0	0.07200000000000001	0.07200000000000001	0.542	17.872749999999996		0.07200000000000001	14.509109771630907	67.87078984298199	0.4693641117048032	2.0170942057096712	0.05126706333116343	0.09952336830423603	0.23081937414868337	-0.009449814394118928	3.002985269830302	8.20481075465375	0.4166666666666667	24.833333333333332	10.666666666666666	36.25	1.0	8.083095059106362e-07	FALSE
142	D11	plate_2	1	0	0	0.07200000000000001	0.07200000000000001	0.535	17.454583333333332		0.07200000000000001	14.082587245507147	66.61704847104745	0.4622327085108572	2.0041636121519746	0.054478595616785364	0.10755802392966007	0.22847376956414228	-0.012055695616337155	3.0338151372135935	8.696667561177046	0.4166666666666667	25.333333333333332	13.916666666666666	37.166666666666664	1.0	6.776799499451675e-07	FALSE
143	D12	plate_2	1	0	0	0.071	0.071	0.534	17.382749999999994		0.071	14.055502357449987	67.20501580134888	0.46254549633028885	2.0169453470906364	0.05721745665732553	0.11342785543770217	0.22893422184822007	-0.01299871766210799	3.0277132661253736	8.474784818497453	0.4166666666666667	25.333333333333332	13.833333333333334	31.333333333333332	1.0	1.0330762773854526e-06	FALSE
144	E1	plate_2	1	0	0	0.07	0.07	0.532	17.39325		0.07	14.114143250557076	67.8595826530227	0.461706545150442	2.0276256455594304	0.05712231596626588	0.11364910714048015	0.235410821047995	-0.011917050454547209	2.9444151185328398	8.277826615504916	0.4166666666666667	25.5	10.666666666666666	47.166666666666664	1.0	7.260836599181691e-07	FALSE
145	E2	plate_2	1	0	0	0.07	0.07	0.486	14.16275		0.07	10.88994267969477	57.12895257280299	0.4144243190576505	1.9342191592700715	0.0011460385260907424	0.0023691623659374272	0.15699427265990196	-0.012829825314822485	4.4151112573483235	10.35384953705658	0.4166666666666667	46.75	13.916666666666666	47.166666666666664	1.0	8.967509977620523e-07	FALSE
146	E3	plate_2	1	0	0	0.07200000000000001	0.071	0.483	14.041		0.07200000000000001	10.695909203120072	55.597060562563094	0.4091911186279471	1.8984005222743434	5.4236799079343534e-05	0.0001128550997293587	0.15476598222966362	-0.0022798386387898467	4.4786791682125315	10.545769827089865	0.4166666666666667	47.083333333333336	14.083333333333334	47.166666666666664	1.0	9.298716766376489e-07	FALSE
147	E4	plate_2	1	0	0	0.071	0.071	0.48100000000000004	14.116666666666667		0.071	10.792390930255165	56.3393145769092	0.4085104953624259	1.9100432488768604	0.00032539532999736887	0.0006788582929289078	0.15484139617465348	-0.005159850834895234	4.476497872559282	10.549243302421647	0.4166666666666667	46.833333333333336	14.25	47.166666666666664	1.0	7.798410319059014e-07	FALSE
148	E5	plate_2	1	0	0	0.07200000000000001	0.07200000000000001	0.483	14.029666666666666		0.07200000000000001	10.657269057784642	55.215437870113135	0.40895848912594135	1.899130400740205	0.0	0.0	0.13757444511584055	0.011653900516344351	5.038342549565081	10.451940681467647	0.4166666666666667	47.166666666666664	14.166666666666666	47.166666666666664	1.0	5.874934405215022e-07	FALSE
149	E6	plate_2	1	0	0	0.071	0.071	0.484	14.043499999999998		0.071	10.718256119298252	55.78101414759558	0.41057434286942746	1.914381850689324	0.0	0.0	0.13724593413495298	0.000178909830047012	5.050402293727539	10.394847554518654	0.4166666666666667	47.166666666666664	14.25	47.166666666666664	1.0	6.444192428916522e-07	FALSE
150	E7	plate_2	1	0	0	0.071	0.07	0.071	3.3162499999999975		0.071	-0.008923649119111799	-0.1260273912708689	0.0	-2.460492221020155e-06	0.0	0.0	-7.51501016442156e-05	-0.00012469271243419893	-9223.502901453463	-21.958614077043272	inf	0.4166666666666667	47.166666666666664	20.333333333333332	0.0	1.4093762364968078e-07	FALSE
151	E8	plate_2	1	0	0	0.071	0.07	0.071	3.318916666666664		0.071	-0.00584740093642205	-0.08794610953544833	0.0	-0.00011692413732373574	0.0	0.0	-4.605253425621756e-05	-9.341031279369951e-05	-15051.227728392892	-2.1222628235806544	0.4166666666666667	0.4166666666666667	0.4166666666666667	27.5	0.0	1.0855008660063348e-07	FALSE
152	E9	plate_2	1	0	0	0.07	0.07	0.071	3.2954166666666653		0.07	-0.025340719105721183	0.241846272457069	6.866240726960404e-07	0.012843935577268824	0.0008299059809012688	0.011773535195810855	3.443905054820715e-05	-0.0005713697914740109	20126.779615764688	-372.24900181767987	0.4166666666666667	1.0	0.4166666666666667	15.583333333333334	0.0	1.326166090833865e-07	TRUE
153	E10	plate_2	1	0	0	0.071	0.071	0.07200000000000001	3.3289999999999975		0.071	-0.003611756006388719	0.05248924518201016	1.8653815927763273e-05	0.00246777466270114	0.00017338814410104708	0.0024390394872994253	7.279410360468978e-05	-0.00012940442328006671	9522.023711207416	-29.883288422169986	0.4166666666666667	7.083333333333333	0.4166666666666667	21.666666666666668	0.0	6.938654327057668e-08	TRUE
154	E11	plate_2	1	0	0	0.07	0.07	0.071	3.2818333333333323		0.07	-0.003765312495800418	0.048037451666780154	0.0003468061199657091	0.007105571335130977	0.0004898757760527089	0.0069729296987384925	0.0015678102677724173	-0.0023203378523632264	442.11164756867265	0.051374212835613164	0.4166666666666667	5.25	3.3333333333333335	7.5	0.0	4.970812860565864e-08	TRUE
155	E12	plate_2	1	0	0	0.07200000000000001	0.07200000000000001	0.511	13.630416666666664		0.07200000000000001	10.25856568238906	50.69112790010364	0.4382555988591622	1.958228537954838	0.0011265403486807601	0.002210274804760104	0.30911844120591625	-0.013547850226173861	2.242335261060054	16.825623616302526	0.4166666666666667	45.166666666666664	19.166666666666668	47.166666666666664	1.0	2.5131874643055974e-06	FALSE
156	F1	plate_2	1	0	0	0.071	0.07	0.529	13.311583333333331		0.071	9.986275015138519	49.38201331337464	0.45741068498459986	2.007183496052562	0.0010348316376933564	0.0019603257398372875	0.27707255490957644	-0.009213495153608194	2.501681123870808	18.839618525898075	0.4166666666666667	46.666666666666664	24.083333333333332	47.166666666666664	1.0	4.430670789931325e-06	FALSE
157	F2	plate_2	1	0	0	0.071	0.071	0.518	13.439666666666666		0.071	10.115901963506817	50.21849886561082	0.44634509732408323	1.985956052803747	0.001361127836903897	0.002634649174222403	0.270428135510022	-0.010351482730663617	2.5631474301025805	18.166655016235858	0.4166666666666667	46.5	23.583333333333332	47.166666666666664	1.0	3.986900605815435e-06	FALSE
158	F3	plate_2	1	0	0	0.07200000000000001	0.07200000000000001	0.524	13.566416666666665		0.07200000000000001	10.19432095971736	50.055581855461526	0.451620407709118	1.9841008082827472	0.0007721999840677451	0.0014758210155605411	0.3992533688659526	-0.013928630014616248	1.736108533107121	17.857322361413182	0.4166666666666667	46.25	19.833333333333332	47.166666666666664	1.0	9.091445246342428e-07	FALSE
159	F4	plate_2	1	0	0	0.07200000000000001	0.07200000000000001	0.539	13.609		0.07200000000000001	10.236405977373595	50.28264860087094	0.46618579028447654	2.0115584497554124	0.00023956378111011922	0.0004452219864674589	0.38348334385280697	-0.01028361413384402	1.8075027029752746	17.82260028699078	0.4166666666666667	47.083333333333336	19.833333333333332	47.166666666666664	1.0	7.423045336207441e-07	FALSE
160	F5	plate_2	1	0	0	0.073	0.073	0.494	8.901666666666666		0.073	5.482345780999967	32.37646383635162	0.4198373812800507	1.9097394003152495	0.01038434870005539	0.02129526859706843	0.151840442232346	-0.01384470819421278	4.564970770430796	26.990160562898858	0.4166666666666667	44.833333333333336	36.333333333333336	46.083333333333336	1.0	2.7447819618150595e-07	FALSE
161	F6	plate_2	1	0	0	0.07200000000000001	0.07200000000000001	0.469	7.538416666666666		0.07200000000000001	4.167510603041262	28.243559471871183	0.3961235436188676	1.8720140063438038	0.0010514531223385082	0.0022487453738477825	0.12123010999150739	-0.02156226041932806	5.717615702967709	28.843003220590102	0.4166666666666667	46.916666666666664	41.083333333333336	47.166666666666664	1.0	4.3610563547051325e-07	FALSE
162	F7	plate_2	1	0	0	0.071	0.071	0.48100000000000004	8.54625		0.071	5.218064105481123	32.57301602008849	0.40882409626724064	1.9108714205068225	0.005237267403174539	0.010973525521961847	0.11735735964960192	-0.033235700210546816	5.906294949285666	25.000412198247293	0.4166666666666667	46.416666666666664	38.416666666666664	47.166666666666664	1.0	5.684857836248337e-07	FALSE
163	F8	plate_2	1	0	0	0.071	0.071	0.467	9.171750000000001		0.071	5.825159404536199	34.896096787099744	0.39487563462935993	1.8822166369447118	0.0	0.0	0.13659168110422154	0.01308452447385021	5.074592939749116	24.514342273191442	0.4166666666666667	47.166666666666664	35.25	47.166666666666664	1.0	1.0150871846382814e-06	FALSE
164	F9	plate_2	1	0	0	0.07400000000000001	0.071	0.45799999999999996	8.478083333333332		0.07400000000000001	5.071323789329679	30.90809577831807	0.38360171635037754	1.8191701295890965	8.462334053371823e-05	0.00018545697318117504	0.10763141654122446	-0.004476332685773355	6.440007971970335	24.227851734442954	0.4166666666666667	47.083333333333336	38.0	47.166666666666664	1.0	1.7576613167482776e-06	FALSE
165	F10	plate_2	1	0	0	0.071	0.071	0.483	13.628333333333336		0.071	10.31580700980769	54.45561296540722	0.4098140422600968	1.912236253456129	0.004248939172484867	0.008881281395971996	0.13578182351927384	-0.016054229025815773	5.104859859696575	10.562872925385044	0.4166666666666667	45.25	14.333333333333334	47.166666666666664	1.0	8.727624524565533e-07	FALSE
166	F11	plate_2	1	0	0	0.071	0.071	0.48100000000000004	13.683666666666666		0.071	10.35805950195976	54.73286117905129	0.4070588560687765	1.90707036443834	0.003105887041521427	0.006517961046512255	0.139376615308765	-0.013288669459281638	4.973195675791068	10.52575048847362	0.4166666666666667	45.833333333333336	14.166666666666666	47.166666666666664	1.0	9.988423700434833e-07	FALSE
167	F12	plate_2	1	0	0	0.071	0.071	0.483	13.848416666666667		0.071	10.53350415300131	55.301921989454485	0.4093767556252549	1.9114324134332605	0.0036892089824657193	0.007713014401417695	0.1370784348030463	-0.019783107407739062	5.056573497909107	10.330161150176355	0.4166666666666667	45.5	13.916666666666666	47.166666666666664	1.0	7.952608524243099e-07	FALSE
168	G1	plate_2	1	0	0	0.071	0.071	0.47700000000000004	13.615833333333333		0.071	10.292028525719472	54.381940913294045	0.4031266086471579	1.8987297860429635	0.004660083937734871	0.009878039196905775	0.13098342315216038	-0.01648868118988079	5.291869489124073	10.432520954264131	0.4166666666666667	45.25	14.0	47.166666666666664	1.0	1.05611243020602e-06	FALSE
169	G2	plate_2	1	0	0	0.071	0.071	0.48200000000000004	13.663499999999999		0.071	10.341954286233937	54.42322991780813	0.40818631474337724	1.9092449183617646	0.004253619128915531	0.008917862442956448	0.12854115028419177	-0.024156514133506096	5.392414639416758	11.59455102381246	0.4166666666666667	45.333333333333336	23.916666666666668	47.166666666666664	1.0	1.0278276296431378e-06	FALSE
170	G3	plate_2	1	0	0	0.073	0.073	0.07400000000000001	3.426499999999998		0.073	-0.008464197271739419	0.10314409570975397	4.216193312402139e-05	0.0052457364649572	0.000398873199732766	0.005450254381465946	0.00026103572026541313	-0.00034408023876303254	2655.3729116274753	-17.47756030122772	0.4166666666666667	4.583333333333333	0.4166666666666667	12.916666666666666	0.0	1.2017224866755225e-07	TRUE
171	G4	plate_2	1	0	0	0.073	0.073	0.073	3.4188333333333314		0.073	0.0	0.0	0.0	0.0	0.0	0.0	0.0	0.0	inf	inf	0.4166666666666667	0.4166666666666667	0.4166666666666667	0.4166666666666667	0.0	0.0	FALSE
172	G5	plate_2	1	0	0	0.07400000000000001	0.07400000000000001	0.07400000000000001	3.465666666666664		0.07400000000000001	0.0	0.0	0.0	0.0	0.0	0.0	0.0	0.0	inf	inf	0.4166666666666667	0.4166666666666667	0.4166666666666667	0.4166666666666667	0.0	0.0	FALSE
173	G6	plate_2	1	0	0	0.07200000000000001	0.07200000000000001	0.073	3.4049166666666655		0.07200000000000001	0.0038691127097549237	0.45315713990649964	0.00015626453970996046	0.010688723893379286	0.00022328256164119709	0.003072892411977113	0.0004434723411171794	-0.00045369188653420997	1562.999800199025	-18.83853422366257	0.4166666666666667	35.25	0.4166666666666667	47.166666666666664	0.0	2.050100845290365e-07	TRUE
174	G7	plate_2	1	0	0	0.073	0.073	0.073	3.4188333333333314		0.073	0.0	0.0	0.0	0.0	0.0	0.0	0.0	0.0	inf	inf	0.4166666666666667	0.4166666666666667	0.4166666666666667	0.4166666666666667	0.0	0.0	FALSE
175	G8	plate_2	1	0	0	0.073	0.073	0.501	12.798499999999999		0.073	9.379486243915531	47.59963590933485	0.4269326309391922	1.9240140991137977	0.0	0.0	0.2656540341804585	-0.0018972324690792247	2.60921006789263	17.426146805833927	0.4166666666666667	47.166666666666664	20.166666666666668	47.166666666666664	1.0	1.9295889921279566e-06	FALSE
176	G9	plate_2	1	0	0	0.07200000000000001	0.07200000000000001	0.507	12.85683333333333		0.07200000000000001	9.454712751120965	48.27318492850137	0.4336325426820187	1.9504013052660056	0.0005194422771254148	0.0010265477746465024	0.25296769529561913	-0.006921868944194603	2.7400620452739255	18.290911024304	0.4166666666666667	46.833333333333336	23.916666666666668	47.166666666666664	1.0	3.403848527313061e-06	FALSE
177	G10	plate_2	1	0	0	0.073	0.07200000000000001	0.508	12.891		0.073	9.471952165105373	47.7248115231333	0.43411018208728147	1.9382647771898434	0.0	0.0	0.2521767791496322	0.0007591500614826778	2.748655855219159	18.356069644090628	0.4166666666666667	47.166666666666664	23.916666666666668	47.166666666666664	1.0	3.227171031588051e-06	FALSE
178	G11	plate_2	1	0	0	0.073	0.073	0.519	12.976583333333334		0.073	9.557600228784802	47.90855416199556	0.4449594310727336	1.959433737460202	4.405311425370595e-05	8.505521856250198e-05	0.2506972113262185	-0.0016668048344419492	2.7648779054745485	18.347948318841546	0.4166666666666667	47.083333333333336	23.916666666666668	47.166666666666664	1.0	2.5769552971549164e-06	FALSE
179	G12	plate_2	1	0	0	0.073	0.073	0.528	12.896333333333331		0.073	9.477295157022237	47.605838024186156	0.45323586666124993	1.9752895499525707	0.0	0.0	0.24092673799657477	0.007571524709922948	2.877003965287571	18.18736016600463	0.4166666666666667	47.166666666666664	23.916666666666668	47.166666666666664	1.0	2.33755982988645e-06	FALSE
180	H1	plate_2	1	0	0	0.07400000000000001	0.073	0.075	3.4624166666666643		0.07400000000000001	-0.00663445318854037	-0.043962424257137304	0.0	0.000976744174415347	0.0	0.0	-2.0415572268903665e-05	-0.00022581319167640478	-33951.88591483788	18.52912831676829	0.4166666666666667	0.4166666666666667	16.083333333333332	38.083333333333336	0.0	6.90584046462927e-08	TRUE
181	H2	plate_2	1	0	0	0.07400000000000001	0.07200000000000001	0.07400000000000001	3.425749999999998		0.07400000000000001	-0.03975626218991919	-0.5427834801234899	0.0	-4.244071110946463e-05	0.0	0.0	0.0003477172606363131	-0.002778425876881679	1993.4218373039776	47.96250846187529	0.4166666666666667	0.4166666666666667	11.916666666666666	6.916666666666667	0.0	3.186466818260815e-08	FALSE
182	H3	plate_2	1	0	0	0.07400000000000001	0.073	0.075	3.4544999999999977		0.07400000000000001	-0.014371682681178343	-0.15154588056784474	0.0	0.0009184942899584034	0.0	0.0	-2.8371469461425938e-05	-0.0002053053993911039	-24431.134295047825	-176.6937534517127	41.5	0.4166666666666667	47.166666666666664	16.833333333333332	0.0	1.5494907946998083e-07	TRUE
183	H4	plate_2	1	0	0	0.07400000000000001	0.07400000000000001	0.075	3.4684166666666636		0.07400000000000001	-0.030681710805990987	0.03673056394224902	0.0	0.009593548790640763	0.0	0.0	0.0001914652682630536	-0.0014749748942780323	3620.224110869196	13.087662642355925	9.916666666666666	0.4166666666666667	13.25	3.0	0.0	3.134482728299243e-08	TRUE
184	H5	plate_2	1	0	0	0.07400000000000001	0.07400000000000001	0.075	3.465916666666664		0.07400000000000001	-0.0016230510897826075	0.0024630322487316243	1.55565320138773e-05	0.0007308864597752155	5.410536805526556e-05	0.000730886459775214	0.00022893695150706192	-0.00027558130568574804	3027.677166123897	-1.858171782542582	0.4166666666666667	1.9166666666666667	0.4166666666666667	3.8333333333333335	0.0	4.970502020143895e-09	TRUE
185	H6	plate_2	1	0	0	0.07400000000000001	0.073	0.514	13.915083333333332		0.07400000000000001	10.449802483609076	52.477276574012166	0.4392596115794588	1.9366966454075367	0.0015592893589503332	0.003042698183250536	0.1496521729028428	-0.008078098993642556	4.631721458598202	14.01322753738735	0.4166666666666667	46.333333333333336	23.5	47.166666666666664	1.0	1.191195170199478e-06	FALSE
186	H7	plate_2	1	0	0	0.07400000000000001	0.073	0.507	13.835833333333332		0.07400000000000001	10.396311565059273	52.633514718970666	0.43216010752056494	1.9216809175914449	0.0008389276591695971	0.0016606493142035106	0.1533544691026637	-0.006315689936925602	4.519902058386805	13.939213337452276	0.4166666666666667	46.583333333333336	23.166666666666668	47.166666666666664	1.0	9.057797436770428e-07	FALSE
187	H8	plate_2	1	0	0	0.07400000000000001	0.073	0.498	13.957749999999997		0.07400000000000001	10.500061422421647	53.44476923131862	0.42285516843634735	1.9038862465295239	4.055264294933192e-05	8.165031849216575e-05	0.1533084673843213	-0.0015906313157493365	4.521258299597565	13.39842215168211	0.4166666666666667	47.083333333333336	22.833333333333332	47.166666666666664	1.0	1.106193060964155e-06	FALSE
188	H9	plate_2	1	0	0	0.073	0.07200000000000001	0.505	13.884416666666665		0.073	10.477767109121176	53.18585234688048	0.4311960818899706	1.9319861056538628	0.0006180713448259434	0.0012272451088506386	0.1336211096096802	-0.007922099682267926	5.187407757536913	12.41255346240605	0.4166666666666667	46.833333333333336	22.416666666666668	47.166666666666664	1.0	9.368284774976179e-07	FALSE
189	H10	plate_2	1	0	0	0.073	0.073	0.499	14.047583333333332		0.073	10.62120632674803	54.37969902165126	0.4238886467997838	1.9182260246000027	0.00020815441054250483	0.0004188694948794591	0.14254024551233704	-0.002654031057547558	4.862817361290096	12.34388508983961	0.4166666666666667	46.833333333333336	22.0	47.166666666666664	1.0	1.3480253468226014e-06	FALSE
190	H11	plate_2	1	0	0	0.073	0.07200000000000001	0.073	3.3993333333333333		0.073	-0.01944687051396881	-0.2681403620302947	0.0	-1.3040040273411475e-05	0.0	0.0	8.797214120465587e-05	-0.0006720341122469653	7879.1668711055645	112.64788469714198	0.4166666666666667	0.4166666666666667	29.5	41.416666666666664	0.0	1.5753078604930822e-07	FALSE
191	H12	plate_2	1	0	0	0.073	0.073	0.07400000000000001	3.418999999999998		0.073	-7.50630529332043e-07	0.0004147285929863593	5.9554499429181895e-08	9.8907783315695e-06	2.989832329214348e-07	4.095628603228668e-06	1.2763221036553313e-07	-2.3461006303918168e-07	5430817.021618616	-70.68584719642082	0.4166666666666667	14.083333333333334	0.4166666666666667	47.166666666666664	0.0	3.5545499520603587e-09	TRUE
